-5 2.62457e-08 1.79001e-07 8.31191e-07 -3.08929e-06 9.67642e-06 -2.62035e-05
-4.98999 5.25545e-08 3.58397e-07 1.66405e-06 -6.18416e-06 1.93683e-05 -5.24437e-05
-4.97998 7.8989e-08 5.38578e-07 2.50022e-06 -9.29012e-06 2.90911e-05 -7.87569e-05
-4.96997 1.05612e-07 7.19935e-07 3.34135e-06 -1.24126e-05 3.886e-05 -0.000105179
-4.95996 1.32485e-07 9.02856e-07 4.18908e-06 -1.55572e-05 4.869e-05 -0.000131746
-4.94995 1.59672e-07 1.08773e-06 5.04504e-06 -1.87292e-05 5.85961e-05 -0.000158492
-4.93994 1.87234e-07 1.27495e-06 5.91085e-06 -2.1934e-05 6.85932e-05 -0.000185452
-4.92993 2.15235e-07 1.46489e-06 6.78815e-06 -2.51771e-05 7.86962e-05 -0.000212662
-4.91992 2.43738e-07 1.65797e-06 7.67858e-06 -2.84639e-05 8.89199e-05 -0.000240155
-4.90991 2.72807e-07 1.85456e-06 8.58378e-06 -3.17997e-05 9.9279e-05 -0.000267966
-4.8999 3.02508e-07 2.05507e-06 9.50541e-06 -3.519e-05 0.000109788 -0.000296129
-4.88989 3.32905e-07 2.25991e-06 1.04451e-05 -3.86404e-05 0.000120463 -0.000324678
-4.87988 3.64066e-07 2.46947e-06 1.14047e-05 -4.21562e-05 0.000131318 -0.000353647
-4.86987 3.96059e-07 2.68419e-06 1.23857e-05 -4.5743e-05 0.000142367 -0.00038307
-4.85986 4.28952e-07 2.90447e-06 1.33899e-05 -4.94065e-05 0.000153626 -0.000412981
-4.84985 4.62817e-07 3.13074e-06 1.44191e-05 -5.31522e-05 0.000165111 -0.000443414
-4.83984 4.97725e-07 3.36345e-06 1.54751e-05 -5.6986e-05 0.000176836 -0.000474404
-4.82983 5.33751e-07 3.60303e-06 1.65597e-05 -6.09135e-05 0.000188816 -0.000505984
-4.81982 5.7097e-07 3.84995e-06 1.76746e-05 -6.49407e-05 0.000201067 -0.000538189
-4.80981 6.0946e-07 4.10467e-06 1.88218e-05 -6.90736e-05 0.000213605 -0.000571054
-4.7998 6.49301e-07 4.36766e-06 2.00032e-05 -7.33181e-05 0.000226446 -0.000604614
-4.78979 6.90574e-07 4.63942e-06 2.12208e-05 -7.76804e-05 0.000239605 -0.000638902
-4.77978 7.33365e-07 4.92043e-06 2.24765e-05 -8.21669e-05 0.000253099 -0.000673955
-4.76977 7.77759e-07 5.21123e-06 2.37724e-05 -8.67838e-05 0.000266944 -0.000709808
-4.75976 8.23848e-07 5.51233e-06 2.51105e-05 -9.15378e-05 0.000281157 -0.000746497
-4.74975 8.71722e-07 5.82427e-06 2.64931e-05 -9.64353e-05 0.000295754 -0.000784058
-4.73974 9.21479e-07 6.14763e-06 2.79223e-05 -0.000101483 0.000310754 -0.000822527
-4.72973 9.73215e-07 6.48296e-06 2.94003e-05 -0.000106688 0.000326173 -0.000861941
-4.71972 1.02703e-06 6.83086e-06 3.09295e-05 -0.000112058 0.000342028 -0.000902337
-4.70971 1.08304e-06 7.19195e-06 3.25122e-05 -0.000117599 0.000358339 -0.000943753
-4.6997 1.14135e-06 7.56685e-06 3.41509e-05 -0.000123319 0.000375123 -0.000986226
-4.68969 1.20206e-06 7.95621e-06 3.58481e-05 -0.000129225 0.000392399 -0.00102979
-4.67968 1.2653e-06 8.3607e-06 3.76062e-05 -0.000135326 0.000410186 -0.0010745
-4.66967 1.33119e-06 8.78101e-06 3.94281e-05 -0.000141629 0.000428503 -0.00112037
-4.65966 1.39985e-06 9.21785e-06 4.13163e-05 -0.000148142 0.00044737 -0.00116746
-4.64965 1.47142e-06 9.67196e-06 4.32737e-05 -0.000154873 0.000466807 -0.00121581
-4.63964 1.54602e-06 1.01441e-05 4.53032e-05 -0.000161831 0.000486834 -0.00126544
-4.62963 1.6238e-06 1.06351e-05 4.74076e-05 -0.000169025 0.000507472 -0.00131642
-4.61962 1.7049e-06 1.11456e-05 4.95901e-05 -0.000176463 0.000528742 -0.00136876
-4.60961 1.78948e-06 1.16767e-05 5.18538e-05 -0.000184155 0.000550666 -0.00142253
-4.5996 1.87768e-06 1.22291e-05 5.42018e-05 -0.000192109 0.000573267 -0.00147776
-4.58959 1.96967e-06 1.28037e-05 5.66377e-05 -0.000200337 0.000596565 -0.00153449
-4.57958 2.06562e-06 1.34014e-05 5.91646e-05 -0.000208846 0.000620585 -0.00159277
-4.56957 2.1657e-06 1.40233e-05 6.17862e-05 -0.000217648 0.000645349 -0.00165264
-4.55956 2.27009e-06 1.46703e-05 6.45062e-05 -0.000226753 0.000670881 -0.00171415
-4.54955 2.37898e-06 1.53434e-05 6.73281e-05 -0.000236171 0.000697206 -0.00177733
-4.53954 2.49257e-06 1.60437e-05 7.0256e-05 -0.000245914 0.000724349 -0.00184225
-4.52953 2.61104e-06 1.67723e-05 7.32937e-05 -0.000255992 0.000752333 -0.00190894
-4.51952 2.73462e-06 1.75303e-05 7.64453e-05 -0.000266416 0.000781186 -0.00197745
-4.50951 2.86352e-06 1.83189e-05 7.97151e-05 -0.000277199 0.000810934 -0.00204783
-4.4995 2.99797e-06 1.91392e-05 8.31073e-05 -0.000288353 0.000841602 -0.00212012
-4.48949 3.13819e-06 1.99926e-05 8.66264e-05 -0.000299889 0.000873219 -0.00219438
-4.47948 3.28443e-06 2.08804e-05 9.02771e-05 -0.000311821 0.000905812 -0.00227065
-4.46947 3.43694e-06 2.18038e-05 9.40641e-05 -0.00032416 0.00093941 -0.00234898
-4.45946 3.59598e-06 2.27643e-05 9.79921e-05 -0.000336922 0.000974041 -0.00242943
-4.44945 3.76183e-06 2.37632e-05 0.000102066 -0.000350118 0.00100973 -0.00251204
-4.43944 3.93475e-06 2.48021e-05 0.000106292 -0.000363764 0.00104652 -0.00259686
-4.42943 4.11505e-06 2.58826e-05 0.000110674 -0.000377873 0.00108443 -0.00268395
-4.41942 4.30301e-06 2.7006e-05 0.000115218 -0.00039246 0.00112349 -0.00277336
-4.40941 4.49897e-06 2.81742e-05 0.00011993 -0.000407539 0.00116374 -0.00286514
-4.3994 4.70323e-06 2.93887e-05 0.000124816 -0.000423127 0.00120521 -0.00295934
-4.38939 4.91614e-06 3.06514e-05 0.00012988 -0.000439239 0.00124792 -0.00305602
-4.37938 5.13804e-06 3.1964e-05 0.000135131 -0.000455891 0.00129192 -0.00315524
-4.36937 5.36929e-06 3.33283e-05 0.000140574 -0.000473099 0.00133724 -0.00325704
-4.35936 5.61028e-06 3.47464e-05 0.000146215 -0.00049088 0.00138391 -0.00336148
-4.34935 5.86137e-06 3.62201e-05 0.000152061 -0.000509252 0.00143197 -0.00346861
-4.33934 6.12299e-06 3.77515e-05 0.000158119 -0.000528232 0.00148145 -0.0035785
-4.32933 6.39553e-06 3.93427e-05 0.000164396 -0.000547839 0.00153239 -0.0036912
-4.31932 6.67944e-06 4.0996e-05 0.000170899 -0.00056809 0.00158483 -0.00380675
-4.30931 6.97516e-06 4.27135e-05 0.000177637 -0.000589005 0.0016388 -0.00392524
-4.2993 7.28316e-06 4.44975e-05 0.000184615 -0.000610602 0.00169434 -0.00404669
-4.28929 7.60391e-06 4.63506e-05 0.000191844 -0.000632903 0.00175149 -0.00417119
-4.27928 7.9379e-06 4.82751e-05 0.000199329 -0.000655926 0.00181029 -0.00429877
-4.26927 8.28566e-06 5.02736e-05 0.000207081 -0.000679693 0.00187078 -0.00442951
-4.25926 8.64771e-06 5.23487e-05 0.000215107 -0.000704225 0.001933 -0.00456345
-4.24925 9.0246e-06 5.45032e-05 0.000223416 -0.000729543 0.00199699 -0.00470066
-4.23924 9.41692e-06 5.67398e-05 0.000232017 -0.000755669 0.0020628 -0.00484119
-4.22923 9.82523e-06 5.90615e-05 0.00024092 -0.000782626 0.00213045 -0.0049851
-4.21922 1.02502e-05 6.14711e-05 0.000250133 -0.000810438 0.00220001 -0.00513246
-4.20921 1.06923e-05 6.39719e-05 0.000259668 -0.000839126 0.0022715 -0.00528331
-4.1992 1.11524e-05 6.65669e-05 0.000269533 -0.000868716 0.00234498 -0.00543772
-4.18919 1.16311e-05 6.92594e-05 0.00027974 -0.000899231 0.00242049 -0.00559574
-4.17918 1.2129e-05 7.20528e-05 0.000290298 -0.000930697 0.00249807 -0.00575744
-4.16917 1.2647e-05 7.49505e-05 0.000301218 -0.00096314 0.00257777 -0.00592287
-4.15916 1.31856e-05 7.79561e-05 0.000312513 -0.000996584 0.00265964 -0.00609208
-4.14915 1.37459e-05 8.10733e-05 0.000324192 -0.00103106 0.00274372 -0.00626514
-4.13914 1.43284e-05 8.43059e-05 0.000336268 -0.00106659 0.00283005 -0.0064421
-4.12913 1.49341e-05 8.76577e-05 0.000348753 -0.0011032 0.00291869 -0.00662302
-4.11912 1.55638e-05 9.11328e-05 0.000361659 -0.00114092 0.00300969 -0.00680796
-4.10911 1.62183e-05 9.47354e-05 0.000374998 -0.00117978 0.00310309 -0.00699696
-4.0991 1.68987e-05 9.84696e-05 0.000388784 -0.00121981 0.00319894 -0.0071901
-4.08909 1.76058e-05 0.00010234 0.000403029 -0.00126104 0.0032973 -0.00738741
-4.07908 1.83407e-05 0.000106351 0.000417748 -0.0013035 0.0033982 -0.00758896
-4.06907 1.91042e-05 0.000110507 0.000432953 -0.00134722 0.0035017 -0.0077948
-4.05906 1.98976e-05 0.000114813 0.00044866 -0.00139223 0.00360786 -0.00800498
-4.04905 2.07217e-05 0.000119273 0.000464883 -0.00143856 0.00371672 -0.00821955
-4.03904 2.15779e-05 0.000123894 0.000481636 -0.00148624 0.00382834 -0.00843856
-4.02903 2.24671e-05 0.00012868 0.000498936 -0.00153531 0.00394275 -0.00866207
-4.01902 2.33906e-05 0.000133636 0.000516796 -0.0015858 0.00406003 -0.00889012
-4.00901 2.43496e-05 0.000138769 0.000535234 -0.00163775 0.00418022 -0.00912276
-3.999 2.53453e-05 0.000144083 0.000554266 -0.00169119 0.00430337 -0.00936004
-3.98899 2.63791e-05 0.000149584 0.000573908 -0.00174615 0.00442954 -0.009602
-3.97898 2.74523e-05 0.000155278 0.000594178 -0.00180267 0.00455877 -0.00984869
-3.96897 2.85663e-05 0.000161172 0.000615092 -0.00186078 0.00469112 -0.0101001
-3.95896 2.97225e-05 0.000167272 0.000636669 -0.00192053 0.00482665 -0.0103564
-3.94895 3.09224e-05 0.000173584 0.000658926 -0.00198195 0.00496541 -0.0106175
-3.93894 3.21675e-05 0.000180115 0.000681883 -0.00204507 0.00510745 -0.0108835
-3.92893 3.34593e-05 0.000186871 0.000705558 -0.00210994 0.00525282 -0.0111545
-3.91892 3.47995e-05 0.00019386 0.000729971 -0.00217659 0.00540158 -0.0114304
-3.90891 3.61898e-05 0.000201089 0.000755141 -0.00224507 0.00555378 -0.0117112
-3.8989 3.76318e-05 0.000208565 0.000781089 -0.00231541 0.00570948 -0.0119971
-3.88889 3.91273e-05 0.000216296 0.000807835 -0.00238765 0.00586873 -0.0122881
-3.87888 4.06782e-05 0.000224289 0.0008354 -0.00246184 0.00603157 -0.0125841
-3.86887 4.22863e-05 0.000232552 0.000863806 -0.00253801 0.00619807 -0.0128853
-3.85886 4.39536e-05 0.000241095 0.000893074 -0.00261621 0.00636828 -0.0131915
-3.84885 4.5682e-05 0.000249924 0.000923227 -0.00269647 0.00654225 -0.0135029
-3.83884 4.74737e-05 0.000259048 0.000954288 -0.00277885 0.00672002 -0.0138195
-3.82883 4.93306e-05 0.000268477 0.00098628 -0.00286339 0.00690167 -0.0141412
-3.81882 5.1255e-05 0.000278219 0.00101923 -0.00295012 0.00708722 -0.0144682
-3.80881 5.32492e-05 0.000288284 0.00105315 -0.00303909 0.00727674 -0.0148003
-3.7988 5.53154e-05 0.000298681 0.00108808 -0.00313035 0.00747028 -0.0151376
-3.78879 5.7456e-05 0.00030942 0.00112403 -0.00322395 0.00766788 -0.0154801
-3.77878 5.96735e-05 0.00032051 0.00116104 -0.00331991 0.0078696 -0.0158279
-3.76877 6.19703e-05 0.000331962 0.00119913 -0.0034183 0.00807548 -0.0161808
-3.75876 6.43491e-05 0.000343786 0.00123832 -0.00351916 0.00828558 -0.0165389
-3.74875 6.68125e-05 0.000355993 0.00127865 -0.00362254 0.00849993 -0.0169022
-3.73874 6.93633e-05 0.000368595 0.00132014 -0.00372847 0.00871858 -0.0172707
-3.72873 7.20042e-05 0.000381601 0.00136281 -0.00383701 0.00894158 -0.0176444
-3.71872 7.47382e-05 0.000395023 0.0014067 -0.0039482 0.00916898 -0.0180231
-3.70871 7.75682e-05 0.000408874 0.00145183 -0.0040621 0.00940082 -0.018407
-3.6987 8.04973e-05 0.000423164 0.00149823 -0.00417875 0.00963713 -0.018796
-3.68869 8.35287e-05 0.000437907 0.00154594 -0.0042982 0.00987797 -0.01919
-3.67868 8.66655e-05 0.000453115 0.00159498 -0.00442049 0.0101234 -0.019589
-3.66867 8.99111e-05 0.000468801 0.00164539 -0.00454567 0.0103734 -0.019993
-3.65866 9.32689e-05 0.000484977 0.00169719 -0.0046738 0.010628 -0.020402
-3.64865 9.67424e-05 0.000501657 0.00175041 -0.00480492 0.0108873 -0.0208158
-3.63864 0.000100335 0.000518856 0.00180509 -0.00493908 0.0111513 -0.0212344
-3.62863 0.000104051 0.000536585 0.00186126 -0.00507633 0.01142 -0.0216578
-3.61862 0.000107894 0.000554861 0.00191896 -0.00521672 0.0116935 -0.0220859
-3.60861 0.000111867 0.000573698 0.00197821 -0.00536029 0.0119719 -0.0225186
-3.5986 0.000115975 0.00059311 0.00203905 -0.0055071 0.012255 -0.0229559
-3.58859 0.000120222 0.000613112 0.00210151 -0.00565719 0.012543 -0.0233977
-3.57858 0.000124612 0.000633721 0.00216564 -0.00581062 0.0128358 -0.0238439
-3.56857 0.000129149 0.000654951 0.00223145 -0.00596742 0.0131336 -0.0242944
-3.55856 0.000133838 0.00067682 0.002299 -0.00612766 0.0134363 -0.0247491
-3.54855 0.000138683 0.000699343 0.00236831 -0.00629137 0.0137439 -0.025208
-3.53854 0.00014369 0.000722537 0.00243942 -0.00645862 0.0140564 -0.0256709
-3.52853 0.000148862 0.00074642 0.00251236 -0.00662943 0.0143739 -0.0261377
-3.51852 0.000154205 0.000771009 0.00258719 -0.00680387 0.0146964 -0.0266083
-3.50851 0.000159724 0.000796322 0.00266392 -0.00698197 0.0150239 -0.0270826
-3.4985 0.000165423 0.000822376 0.00274261 -0.0071638 0.0153563 -0.0275604
-3.48849 0.000171309 0.000849191 0.00282329 -0.00734938 0.0156938 -0.0280416
-3.47848 0.000177387 0.000876785 0.00290599 -0.00753877 0.0160362 -0.0285262
-3.46847 0.000183662 0.000905178 0.00299076 -0.00773202 0.0163836 -0.0290139
-3.45846 0.000190139 0.000934388 0.00307763 -0.00792916 0.016736 -0.0295046
-3.44845 0.000196826 0.000964437 0.00316666 -0.00813024 0.0170933 -0.0299981
-3.43844 0.000203727 0.000995344 0.00325786 -0.00833532 0.0174556 -0.0304943
-3.42843 0.000210849 0.00102713 0.0033513 -0.00854442 0.0178228 -0.030993
-3.41842 0.000218198 0.00105981 0.003447 -0.00875759 0.018195 -0.0314941
-3.40841 0.000225781 0.00109342 0.00354501 -0.00897488 0.018572 -0.0319973
-3.3984 0.000233603 0.00112797 0.00364537 -0.00919632 0.018954 -0.0325026
-3.38839 0.000241673 0.00116348 0.00374812 -0.00942195 0.0193407 -0.0330096
-3.37838 0.000249996 0.00119999 0.00385331 -0.00965182 0.0197323 -0.0335182
-3.36837 0.00025858 0.0012375 0.00396097 -0.00988595 0.0201287 -0.0340282
-3.35836 0.000267432 0.00127604 0.00407114 -0.0101244 0.0205297 -0.0345393
-3.34835 0.00027656 0.00131565 0.00418388 -0.0103672 0.0209355 -0.0350515
-3.33834 0.00028597 0.00135633 0.00429922 -0.0106143 0.0213459 -0.0355644
-3.32833 0.000295671 0.00139812 0.00441721 -0.0108659 0.0217609 -0.0360778
-3.31832 0.00030567 0.00144104 0.00453789 -0.0111219 0.0221804 -0.0365914
-3.30831 0.000315976 0.00148511 0.00466129 -0.0113824 0.0226044 -0.0371052
-3.2983 0.000326597 0.00153037 0.00478748 -0.0116474 0.0230329 -0.0376187
-3.28829 0.00033754 0.00157683 0.00491648 -0.0119169 0.0234656 -0.0381318
-3.27828 0.000348816 0.00162452 0.00504835 -0.012191 0.0239026 -0.0386441
-3.26827 0.000360432 0.00167348 0.00518312 -0.0124696 0.0243438 -0.0391555
-3.25826 0.000372398 0.00172372 0.00532084 -0.0127529 0.0247891 -0.0396656
-3.24825 0.000384722 0.00177527 0.00546156 -0.0130407 0.0252384 -0.0401742
-3.23824 0.000397414 0.00182816 0.00560531 -0.0133332 0.0256917 -0.040681
-3.22823 0.000410484 0.00188243 0.00575214 -0.0136304 0.0261487 -0.0411857
-3.21822 0.000423942 0.00193809 0.00590209 -0.0139323 0.0266095 -0.0416881
-3.20821 0.000437796 0.00199518 0.00605522 -0.0142388 0.0270739 -0.0421877
-3.1982 0.000452058 0.00205372 0.00621155 -0.01455 0.0275419 -0.0426844
-3.18819 0.000466738 0.00211375 0.00637113 -0.014866 0.0280132 -0.0431777
-3.17818 0.000481847 0.0021753 0.00653401 -0.0151866 0.0284878 -0.0436675
-3.16817 0.000497395 0.00223839 0.00670023 -0.015512 0.0289655 -0.0441533
-3.15816 0.000513393 0.00230305 0.00686983 -0.0158421 0.0294462 -0.0446348
-3.14815 0.000529852 0.00236933 0.00704285 -0.0161769 0.0299299 -0.0451118
-3.13814 0.000546785 0.00243724 0.00721934 -0.0165165 0.0304162 -0.0455838
-3.12813 0.000564202 0.00250682 0.00739933 -0.0168607 0.0309051 -0.0460506
-3.11812 0.000582115 0.0025781 0.00758287 -0.0172097 0.0313965 -0.0465118
-3.10811 0.000600537 0.00265112 0.00776999 -0.0175634 0.0318902 -0.046967
-3.0981 0.00061948 0.0027259 0.00796074 -0.0179217 0.0323859 -0.047416
-3.08809 0.000638957 0.00280249 0.00815516 -0.0182847 0.0328836 -0.0478583
-3.07808 0.00065898 0.0028809 0.00835328 -0.0186524 0.0333831 -0.0482935
-3.06807 0.000679562 0.00296118 0.00855515 -0.0190247 0.0338842 -0.0487214
-3.05806 0.000700717 0.00304336 0.0087608 -0.0194016 0.0343866 -0.0491415
-3.04805 0.000722458 0.00312748 0.00897026 -0.0197831 0.0348903 -0.0495535
-3.03804 0.000744799 0.00321356 0.00918358 -0.0201691 0.035395 -0.0499571
-3.02803 0.000767754 0.00330165 0.00940079 -0.0205596 0.0359005 -0.0503517
-3.01802 0.000791337 0.00339177 0.00962193 -0.0209546 0.0364066 -0.0507372
-3.00801 0.000815563 0.00348397 0.00984702 -0.021354 0.0369132 -0.051113
-2.998 0.000840447 0.00357828 0.0100761 -0.0217578 0.0374199 -0.0514788
-2.98799 0.000866003 0.00367472 0.0103092 -0.022166 0.0379265 -0.0518343
-2.97798 0.000892247 0.00377335 0.0105464 -0.0225784 0.0384329 -0.052179
-2.96797 0.000919193 0.00387419 0.0107876 -0.0229951 0.0389388 -0.0525126
-2.95796 0.000946859 0.00397729 0.011033 -0.0234159 0.039444 -0.0528346
-2.94795 0.00097526 0.00408267 0.0112825 -0.0238409 0.0399481 -0.0531447
-2.93794 0.00100441 0.00419037 0.0115362 -0.0242698 0.040451 -0.0534425
-2.92793 0.00103433 0.00430044 0.0117941 -0.0247028 0.0409525 -0.0537277
-2.91792 0.00106504 0.0044129 0.0120562 -0.0251396 0.0414522 -0.0539997
-2.90791 0.00109654 0.0045278 0.0123225 -0.0255803 0.0419498 -0.0542584
-2.8979 0.00112887 0.00464516 0.0125931 -0.0260247 0.0424452 -0.0545032
-2.88789 0.00116203 0.00476504 0.012868 -0.0264727 0.042938 -0.0547338
-2.87788 0.00119605 0.00488746 0.0131472 -0.0269244 0.043428 -0.0549498
-2.86787 0.00123093 0.00501246 0.0134307 -0.0273794 0.0439149 -0.0551508
-2.85786 0.00126671 0.00514009 0.0137186 -0.0278379 0.0443983 -0.0553365
-2.84785 0.0013034 0.00527037 0.0140108 -0.0282995 0.0448781 -0.0555065
-2.83784 0.00134102 0.00540334 0.0143073 -0.0287644 0.0453538 -0.0556605
-2.82783 0.00137958 0.00553904 0.0146083 -0.0292323 0.0458253 -0.055798
-2.81782 0.00141911 0.00567751 0.0149136 -0.0297031 0.0462922 -0.0559187
-2.80781 0.00145963 0.00581879 0.0152233 -0.0301767 0.0467541 -0.0560223
-2.7978 0.00150116 0.00596291 0.0155374 -0.030653 0.0472108 -0.0561083
-2.78779 0.00154371 0.00610991 0.0158559 -0.0311318 0.047662 -0.0561766
-2.77778 0.0015873 0.00625982 0.0161789 -0.031613 0.0481073 -0.0562267
-2.76777 0.00163197 0.00641269 0.0165062 -0.0320965 0.0485464 -0.0562583
-2.75776 0.00167772 0.00656854 0.0168379 -0.0325822 0.048979 -0.056271
-2.74775 0.00172459 0.00672742 0.017174 -0.0330698 0.0494048 -0.0562647
-2.73774 0.00177259 0.00688937 0.0175145 -0.0335592 0.0498234 -0.0562388
-2.72773 0.00182173 0.00705441 0.0178593 -0.0340504 0.0502345 -0.0561933
-2.71772 0.00187206 0.00722258 0.0182085 -0.034543 0.0506378 -0.0561277
-2.70771 0.00192358 0.00739392 0.0185621 -0.0350369 0.0510328 -0.0560417
-2.6977 0.00197632 0.00756846 0.01892 -0.0355321 0.0514193 -0.0559352
-2.68769 0.00203031 0.00774624 0.0192822 -0.0360282 0.051797 -0.0558078
-2.67768 0.00208556 0.00792729 0.0196488 -0.0365251 0.0521654 -0.0556593
-2.66767 0.0021421 0.00811164 0.0200195 -0.0370227 0.0525243 -0.0554894
-2.65766 0.00219995 0.00829934 0.0203946 -0.0375207 0.0528733 -0.055298
-2.64765 0.00225914 0.00849041 0.0207738 -0.0380189 0.053212 -0.0550847
-2.63764 0.00231969 0.00868488 0.0211572 -0.0385172 0.0535401 -0.0548495
-2.62763 0.00238162 0.00888278 0.0215448 -0.0390153 0.0538573 -0.054592
-2.61762 0.00244496 0.00908416 0.0219365 -0.0395131 0.0541631 -0.0543121
-2.60761 0.00250973 0.00928903 0.0223322 -0.0400102 0.0544573 -0.0540096
-2.5976 0.00257596 0.00949743 0.022732 -0.0405066 0.0547395 -0.0536844
-2.58759 0.00264368 0.0097094 0.0231357 -0.0410019 0.0550094 -0.0533363
-2.57758 0.0027129 0.00992494 0.0235434 -0.041496 0.0552665 -0.0529653
-2.56757 0.00278366 0.0101441 0.0239549 -0.0419887 0.0555106 -0.0525711
-2.55756 0.00285598 0.0103669 0.0243703 -0.0424796 0.0557413 -0.0521537
-2.54755 0.00292988 0.0105934 0.0247894 -0.0429686 0.0559583 -0.051713
-2.53754 0.00300539 0.0108236 0.0252122 -0.0434553 0.0561612 -0.0512489
-2.52753 0.00308254 0.0110575 0.0256386 -0.0439397 0.0563497 -0.0507614
-2.51752 0.00316135 0.0112951 0.0260686 -0.0444213 0.0565235 -0.0502505
-2.50751 0.00324186 0.0115365 0.0265021 -0.0449 0.0566822 -0.049716
-2.4975 0.00332408 0.0117817 0.026939 -0.0453755 0.0568255 -0.0491582
-2.48749 0.00340804 0.0120307 0.0273793 -0.0458476 0.0569531 -0.0485768
-2.47748 0.00349378 0.0122836 0.0278227 -0.0463159 0.0570646 -0.0479721
-2.46747 0.00358131 0.0125403 0.0282694 -0.0467802 0.0571597 -0.0473439
-2.45746 0.00367067 0.0128008 0.0287191 -0.0472403 0.0572382 -0.0466925
-2.44745 0.00376189 0.0130653 0.0291719 -0.0476958 0.0572997 -0.0460179
-2.43744 0.00385498 0.0133336 0.0296275 -0.0481464 0.057344 -0.0453201
-2.42743 0.00394998 0.0136059 0.0300859 -0.048592 0.0573706 -0.0445994
-2.41742 0.00404691 0.0138821 0.030547 -0.0490322 0.0573794 -0.0438559
-2.40741 0.00414581 0.0141623 0.0310106 -0.0494667 0.0573701 -0.0430897
-2.3974 0.00424671 0.0144464 0.0314768 -0.0498953 0.0573424 -0.042301
-2.38739 0.00434962 0.0147345 0.0319452 -0.0503176 0.0572959 -0.0414901
-2.37738 0.00445458 0.0150265 0.032416 -0.0507333 0.0572305 -0.0406572
-2.36737 0.00456161 0.0153226 0.0328888 -0.0511422 0.057146 -0.0398025
-2.35736 0.00467075 0.0156226 0.0333636 -0.051544 0.0570419 -0.0389262
-2.34735 0.00478202 0.0159266 0.0338403 -0.0519383 0.0569183 -0.0380287
-2.33734 0.00489545 0.0162346 0.0343187 -0.0523248 0.0567747 -0.0371103
-2.32733 0.00501107 0.0165466 0.0347986 -0.0527033 0.056611 -0.0361713
-2.31732 0.0051289 0.0168626 0.0352801 -0.0530735 0.0564269 -0.0352121
-2.30731 0.00524898 0.0171826 0.0357628 -0.0534349 0.0562224 -0.034233
-2.2973 0.00537134 0.0175066 0.0362467 -0.0537875 0.0559971 -0.0332345
-2.28729 0.00549599 0.0178345 0.0367315 -0.0541307 0.055751 -0.0322169
-2.27728 0.00562298 0.0181665 0.0372173 -0.0544643 0.0554838 -0.0311807
-2.26727 0.00575232 0.0185024 0.0377037 -0.0547881 0.0551954 -0.0301263
-2.25726 0.00588405 0.0188422 0.0381906 -0.0551016 0.0548857 -0.0290542
-2.24725 0.00601819 0.019186 0.0386779 -0.0554046 0.0545545 -0.0279649
-2.23724 0.00615478 0.0195338 0.0391654 -0.0556969 0.0542017 -0.026859
-2.22723 0.00629383 0.0198854 0.0396529 -0.0559779 0.0538273 -0.0257369
-2.21722 0.00643538 0.0202409 0.0401402 -0.0562476 0.053431 -0.0245993
-2.20721 0.00657945 0.0206003 0.0406272 -0.0565055 0.0530129 -0.0234467
-2.1972 0.00672608 0.0209636 0.0411136 -0.0567514 0.0525729 -0.0222796
-2.18719 0.00687529 0.0213306 0.0415994 -0.0569849 0.0521108 -0.0210988
-2.17718 0.0070271 0.0217015 0.0420842 -0.0572057 0.0516268 -0.0199049
-2.16717 0.00718154 0.0220762 0.0425679 -0.0574137 0.0511208 -0.0186985
-2.15716 0.00733864 0.0224545 0.0430503 -0.0576083 0.0505927 -0.0174802
-2.14715 0.00749843 0.0228366 0.0435312 -0.0577895 0.0500425 -0.0162509
-2.13714 0.00766093 0.0232224 0.0440104 -0.0579568 0.0494704 -0.0150111
-2.12713 0.00782617 0.0236118 0.0444877 -0.0581099 0.0488763 -0.0137617
-2.11712 0.00799417 0.0240048 0.0449629 -0.0582487 0.0482603 -0.0125033
-2.10711 0.00816495 0.0244013 0.0454357 -0.0583728 0.0476224 -0.0112368
-2.0971 0.00833856 0.0248013 0.045906 -0.0584819 0.0469628 -0.00996285
-2.08709 0.008515 0.0252048 0.0463735 -0.0585757 0.0462815 -0.00868235
-2.07708 0.0086943 0.0256117 0.0468379 -0.0586541 0.0455787 -0.00739607
-2.06707 0.00887649 0.026022 0.0472992 -0.0587166 0.0448545 -0.00610483
-2.05706 0.00906159 0.0264355 0.047757 -0.0587632 0.0441091 -0.00480947
-2.04705 0.00924962 0.0268523 0.0482111 -0.0587934 0.0433426 -0.00351086
-2.03704 0.0094406 0.0272723 0.0486613 -0.0588071 0.0425552 -0.00220985
-2.02703 0.00963457 0.0276954 0.0491073 -0.058804 0.0417471 -0.000907322
-2.01702 0.00983154 0.0281216 0.049549 -0.0587838 0.0409186 0.00039583
-2.00701 0.0100315 0.0285508 0.049986 -0.0587464 0.0400698 0.00169871
-1.997 0.0102346 0.0289829 0.0504181 -0.0586915 0.0392011 0.0030004
-1.98699 0.0104406 0.0294178 0.0508451 -0.0586189 0.0383127 0.00429998
-1.97698 0.0106498 0.0298555 0.0512667 -0.0585284 0.037405 0.00559653
-1.96697 0.0108621 0.030296 0.0516827 -0.0584197 0.0364781 0.00688909
-1.95696 0.0110775 0.030739 0.0520929 -0.0582927 0.0355325 0.00817674
-1.94695 0.011296 0.0311846 0.0524969 -0.0581472 0.0345685 0.00945851
-1.93694 0.0115177 0.0316326 0.0528946 -0.0579831 0.0335864 0.0107334
-1.92693 0.0117426 0.032083 0.0532856 -0.0578 0.0325867 0.0120006
-1.91692 0.0119707 0.0325357 0.0536697 -0.0575979 0.0315697 0.013259
-1.90691 0.012202 0.0329905 0.0540467 -0.0573766 0.0305359 0.0145076
-1.8969 0.0124364 0.0334474 0.0544164 -0.057136 0.0294857 0.0157456
-1.88689 0.0126742 0.0339064 0.0547783 -0.0568759 0.0284195 0.0169718
-1.87688 0.0129152 0.0343672 0.0551324 -0.0565962 0.0273378 0.0181855
-1.86687 0.0131594 0.0348297 0.0554782 -0.0562968 0.0262411 0.0193854
-1.85686 0.0134069 0.035294 0.0558157 -0.0559776 0.02513 0.0205708
-1.84685 0.0136577 0.0357598 0.0561444 -0.0556385 0.0240048 0.0217407
-1.83684 0.0139118 0.0362271 0.0564642 -0.0552793 0.0228662 0.022894
-1.82683 0.0141692 0.0366957 0.0567748 -0.0549001 0.0217147 0.0240298
-1.81682 0.01443 0.0371655 0.0570759 -0.0545007 0.0205509 0.0251471
-1.80681 0.014694 0.0376365 0.0573672 -0.0540811 0.0193754 0.0262451
-1.7968 0.0149614 0.0381084 0.0576486 -0.0536413 0.0181887 0.0273227
-1.78679 0.0152321 0.0385811 0.0579198 -0.0531812 0.0169916 0.028379
-1.77678 0.0155062 0.0390546 0.0581804 -0.0527008 0.0157845 0.0294132
-1.76677 0.0157836 0.0395287 0.0584303 -0.0522002 0.0145682 0.0304242
-1.75676 0.0160644 0.0400032 0.0586692 -0.0516792 0.0133433 0.0314112
-1.74675 0.0163485 0.0404781 0.0588968 -0.051138 0.0121105 0.0323733
-1.73674 0.016636 0.0409532 0.0591129 -0.0505766 0.0108705 0.0333096
-1.72673 0.0169269 0.0414283 0.0593172 -0.0499949 0.00962397 0.0342193
-1.71672 0.0172211 0.0419033 0.0595095 -0.0493932 0.00837164 0.0351015
-1.70671 0.0175187 0.042378 0.0596896 -0.0487713 0.00711424 0.0359553
-1.6967 0.0178196 0.0428524 0.0598571 -0.0481296 0.0058525 0.0367801
-1.68669 0.0181239 0.0433262 0.060012 -0.0474679 0.00458717 0.0375749
-1.67668 0.0184315 0.0437994 0.0601538 -0.0467865 0.00331901 0.038339
-1.66667 0.0187425 0.0442716 0.0602825 -0.0460854 0.00204879 0.0390716
-1.65666 0.0190568 0.0447429 0.0603977 -0.0453649 0.000777299 0.039772
-1.64665 0.0193744 0.045213 0.0604992 -0.044625 -0.000494681 0.0404396
-1.63664 0.0196954 0.0456818 0.0605869 -0.0438659 -0.00176635 0.0410736
-1.62663 0.0200197 0.0461491 0.0606604 -0.0430878 -0.0030369 0.0416733
-1.61662 0.0203472 0.0466147 0.0607196 -0.042291 -0.00430551 0.0422381
-1.60661 0.0206781 0.0470785 0.0607643 -0.0414755 -0.00557137 0.0427675
-1.5966 0.0210122 0.0475403 0.0607943 -0.0406417 -0.00683364 0.0432607
-1.58659 0.0213496 0.048 0.0608093 -0.0397898 -0.0080915 0.0437174
-1.57658 0.0216903 0.0484573 0.0608091 -0.03892 -0.0093441 0.0441368
-1.56657 0.0220342 0.048912 0.0607936 -0.0380325 -0.0105906 0.0445187
-1.55656 0.0223812 0.0493641 0.0607626 -0.0371278 -0.0118302 0.0448624
-1.54655 0.0227315 0.0498133 0.0607159 -0.036206 -0.0130619 0.0451675
-1.53654 0.0230849 0.0502595 0.0606533 -0.0352676 -0.014285 0.0454337
-1.52653 0.0234415 0.0507024 0.0605747 -0.0343127 -0.0154986 0.0456606
-1.51652 0.0238012 0.0511419 0.0604798 -0.0333418 -0.0167019 0.0458478
-1.50651 0.024164 0.0515777 0.0603686 -0.0323551 -0.0178939 0.045995
-1.4965 0.0245299 0.0520098 0.0602408 -0.0313532 -0.0190739 0.046102
-1.48649 0.0248988 0.0524379 0.0600963 -0.0303362 -0.020241 0.0461686
-1.47648 0.0252708 0.0528618 0.059935 -0.0293048 -0.0213942 0.0461944
-1.46647 0.0256457 0.0532814 0.0597568 -0.0282591 -0.0225329 0.0461795
-1.45646 0.0260236 0.0536964 0.0595615 -0.0271997 -0.0236561 0.0461236
-1.44645 0.0264044 0.0541066 0.059349 -0.0261271 -0.024763 0.0460267
-1.43644 0.0267881 0.0545119 0.0591191 -0.0250416 -0.0258528 0.0458887
-1.42643 0.0271746 0.0549121 0.0588719 -0.0239437 -0.0269246 0.0457096
-1.41642 0.027564 0.055307 0.0586071 -0.0228338 -0.0279776 0.0454894
-1.40641 0.0279561 0.0556963 0.0583248 -0.0217126 -0.0290109 0.0452282
-1.3964 0.028351 0.0560799 0.0580248 -0.0205804 -0.0300239 0.0449262
-1.38639 0.0287486 0.0564575 0.057707 -0.0194379 -0.0310157 0.0445834
-1.37638 0.0291488 0.0568291 0.0573714 -0.0182854 -0.0319855 0.0442001
-1.36637 0.0295516 0.0571943 0.0570179 -0.0171235 -0.0329325 0.0437764
-1.35636 0.0299571 0.057553 0.0566465 -0.0159529 -0.033856 0.0433127
-1.34635 0.030365 0.057905 0.0562572 -0.014774 -0.0347552 0.0428093
-1.33634 0.0307754 0.0582501 0.0558499 -0.0135874 -0.0356293 0.0422664
-1.32633 0.0311882 0.0585881 0.0554245 -0.0123938 -0.0364777 0.0416845
-1.31632 0.0316034 0.0589188 0.0549812 -0.0111936 -0.0372997 0.041064
-1.30631 0.0320209 0.059242 0.0545198 -0.0099875 -0.0380945 0.0404054
-1.2963 0.0324407 0.0595575 0.0540404 -0.00877611 -0.0388614 0.0397091
-1.28629 0.0328627 0.0598651 0.053543 -0.00756005 -0.0395999 0.0389758
-1.27628 0.0332868 0.0601646 0.0530277 -0.00633993 -0.0403092 0.038206
-1.26627 0.033713 0.0604558 0.0524944 -0.00511639 -0.0409887 0.0374003
-1.25626 0.0341413 0.0607386 0.0519432 -0.00389009 -0.0416379 0.0365594
-1.24625 0.0345715 0.0610127 0.0513742 -0.00266167 -0.0422561 0.0356839
-1.23624 0.0350037 0.0612779 0.0507875 -0.0014318 -0.0428427 0.0347747
-1.22623 0.0354377 0.061534 0.050183 -0.000201141 -0.0433973 0.0338325
-1.21622 0.0358735 0.0617809 0.049561 0.00102963 -0.0439193 0.0328582
-1.20621 0.0363111 0.0620184 0.0489214 0.00225984 -0.0444082 0.0318524
-1.1962 0.0367502 0.0622463 0.0482645 0.00348879 -0.0448636 0.0308162
-1.18619 0.037191 0.0624643 0.0475902 0.00471579 -0.0452849 0.0297505
-1.17618 0.0376333 0.0626724 0.0468988 0.00594016 -0.0456718 0.0286561
-1.16617 0.038077 0.0628703 0.0461904 0.00716119 -0.0460238 0.0275342
-1.15616 0.0385221 0.0630579 0.0454652 0.00837817 -0.0463406 0.0263856
-1.14615 0.0389685 0.0632349 0.0447232 0.0095904 -0.0466218 0.0252115
-1.13614 0.0394161 0.0634012 0.0439647 0.0107972 -0.0468671 0.024013
-1.12613 0.0398649 0.0635567 0.0431898 0.0119978 -0.0470762 0.022791
-1.11612 0.0403147 0.0637011 0.0423987 0.0131915 -0.0472488 0.0215469
-1.10611 0.0407655 0.0638343 0.0415917 0.0143776 -0.0473848 0.0202817
-1.0961 0.0412173 0.0639561 0.0407689 0.0155554 -0.0474838 0.0189966
-1.08609 0.0416698 0.0640664 0.0399306 0.0167241 -0.0475457 0.0176929
-1.07608 0.0421232 0.064165 0.039077 0.0178831 -0.0475703 0.0163717
-1.06607 0.0425772 0.0642517 0.0382083 0.0190316 -0.0475576 0.0150344
-1.05606 0.0430317 0.0643264 0.0373248 0.020169 -0.0475074 0.0136823
-1.04605 0.0434868 0.064389 0.0364267 0.0212944 -0.0474197 0.0123166
-1.03604 0.0439423 0.0644392 0.0355144 0.0224073 -0.0472944 0.0109387
-1.02603 0.044398 0.064477 0.034588 0.0235069 -0.0471316 0.00954991
-1.01602 0.0448541 0.0645022 0.033648 0.0245924 -0.0469312 0.0081516
-1.00601 0.0453102 0.0645147 0.0326945 0.0256633 -0.0466934 0.00674515
-0.995996 0.0457665 0.0645143 0.031728 0.0267187 -0.0464182 0.00533194
-0.985986 0.0462227 0.0645009 0.0307487 0.0277581 -0.0461057 0.00391339
-0.975976 0.0466787 0.0644744 0.029757 0.0287807 -0.0457562 0.00249091
-0.965966 0.0471346 0.0644346 0.0287532 0.0297859 -0.0453698 0.00106592
-0.955956 0.0475901 0.0643816 0.0277377 0.030773 -0.0449467 -0.000360144
-0.945946 0.0480452 0.064315 0.0267107 0.0317413 -0.0444872 -0.00178584
-0.935936 0.0484998 0.0642348 0.0256728 0.0326902 -0.0439916 -0.00320974
-0.925926 0.0489538 0.064141 0.0246242 0.033619 -0.0434602 -0.00463037
-0.915916 0.0494071 0.0640334 0.0235654 0.0345272 -0.0428933 -0.0060463
-0.905906 0.0498596 0.063912 0.0224968 0.035414 -0.0422913 -0.00745607
-0.895896 0.0503112 0.0637765 0.0214187 0.0362789 -0.0416547 -0.00885824
-0.885886 0.0507618 0.063627 0.0203315 0.0371213 -0.0409839 -0.0102514
-0.875876 0.0512113 0.0634634 0.0192358 0.0379406 -0.0402793 -0.011634
-0.865866 0.0516596 0.0632856 0.0181319 0.0387362 -0.0395415 -0.0130047
-0.855856 0.0521066 0.0630935 0.0170202 0.0395075 -0.0387711 -0.014362
-0.845846 0.0525522 0.0628871 0.0159012 0.040254 -0.0379685 -0.0157046
-0.835836 0.0529964 0.0626662 0.0147754 0.0409752 -0.0371344 -0.017031
-0.825826 0.0534389 0.0624309 0.0136432 0.0416705 -0.0362694 -0.0183398
-0.815816 0.0538797 0.0621811 0.0125051 0.0423394 -0.0353742 -0.0196296
-0.805806 0.0543187 0.0619168 0.0113615 0.0429815 -0.0344495 -0.0208991
-0.795796 0.0547558 0.0616378 0.010213 0.0435962 -0.0334959 -0.022147
-0.785786 0.0551909 0.0613443 0.00905992 0.0441831 -0.0325143 -0.0233718
-0.775776 0.0556239 0.0610361 0.00790287 0.0447417 -0.0315053 -0.0245723
-0.765766 0.0560546 0.0607132 0.00674232 0.0452717 -0.0304699 -0.0257472
-0.755756 0.0564831 0.0603756 0.00557876 0.0457725 -0.0294087 -0.0268953
-0.745746 0.0569091 0.0600233 0.00441271 0.0462439 -0.0283228 -0.0280152
-0.735736 0.0573325 0.0596564 0.00324467 0.0466855 -0.0272128 -0.0291059
-0.725726 0.0577534 0.0592747 0.00207516 0.0470968 -0.0260798 -0.030166
-0.715716 0.0581715 0.0588784 0.000904693 0.0474775 -0.0249247 -0.0311945
-0.705706 0.0585867 0.0584674 -0.000266197 0.0478275 -0.0237484 -0.0321902
-0.695696 0.058999 0.0580417 -0.00143699 0.0481462 -0.0225518 -0.033152
-0.685686 0.0594083 0.0576014 -0.00260715 0.0484335 -0.021336 -0.0340789
-0.675676 0.0598144 0.0571464 -0.00377615 0.0486892 -0.020102 -0.0349698
-0.665666 0.0602172 0.056677 -0.00494345 0.0489129 -0.0188508 -0.0358238
-0.655656 0.0606167 0.056193 -0.00610852 0.0491045 -0.0175834 -0.0366399
-0.645646 0.0610127 0.0556945 -0.00727081 0.0492637 -0.0163009 -0.0374172
-0.635636 0.0614052 0.0551816 -0.00842978 0.0493905 -0.0150044 -0.0381548
-0.625626 0.061794 0.0546544 -0.00958489 0.0494846 -0.0136949 -0.0388519
-0.615616 0.062179 0.0541129 -0.0107356 0.0495459 -0.0123737 -0.0395077
-0.605606 0.0625601 0.0535571 -0.0118813 0.0495744 -0.0110418 -0.0401215
-0.595596 0.0629373 0.0529873 -0.0130216 0.04957 -0.00970029 -0.0406925
-0.585586 0.0633104 0.0524034 -0.0141558 0.0495325 -0.00835041 -0.0412201
-0.575576 0.0636794 0.0518055 -0.0152834 0.049462 -0.0069933 -0.0417037
-0.565566 0.0640441 0.0511939 -0.0164039 0.0493584 -0.00563011 -0.0421427
-0.555556 0.0644044 0.0505684 -0.0175168 0.0492218 -0.00426203 -0.0425367
-0.545546 0.0647602 0.0499294 -0.0186214 0.0490522 -0.00289023 -0.042885
-0.535536 0.0651115 0.0492768 -0.0197172 0.0488497 -0.00151592 -0.0431874
-0.525526 0.0654581 0.0486108 -0.0208038 0.0486143 -0.00014029 -0.0434434
-0.515516 0.0658 0.0479316 -0.0218805 0.0483462 0.00123546 -0.0436527
-0.505506 0.0661371 0.0472393 -0.0229469 0.0480454 0.00261013 -0.0438151
-0.495495 0.0664692 0.0465339 -0.0240024 0.0477122 0.00398252 -0.0439303
-0.485485 0.0667963 0.0458158 -0.0250465 0.0473466 0.0053514 -0.0439981
-0.475475 0.0671183 0.0450849 -0.0260786 0.046949 0.00671559 -0.0440186
-0.465465 0.0674351 0.0443415 -0.0270983 0.0465195 0.00807387 -0.0439914
-0.455455 0.0677465 0.0435858 -0.028105 0.0460584 0.00942504 -0.0439168
-0.445445 0.0680526 0.0428179 -0.0290982 0.045566 0.0107679 -0.0437947
-0.435435 0.0683533 0.042038 -0.0300774 0.0450425 0.0121013 -0.0436251
-0.425425 0.0686483 0.0412462 -0.0310422 0.0444882 0.013424 -0.0434084
-0.415415 0.0689378 0.0404428 -0.031992 0.0439036 0.0147348 -0.0431445
-0.405405 0.0692215 0.039628 -0.0329263 0.0432889 0.0160326 -0.0428339
-0.395395 0.0694995 0.0388019 -0.0338447 0.0426446 0.0173162 -0.0424767
-0.385385 0.0697715 0.0379648 -0.0347467 0.041971 0.0185844 -0.0420734
-0.375375 0.0700377 0.0371168 -0.0356318 0.0412687 0.0198362 -0.0416244
-0.365365 0.0702977 0.0362582 -0.0364996 0.0405379 0.0210704 -0.04113
-0.355355 0.0705517 0.0353892 -0.0373496 0.0397793 0.0222858 -0.0405909
-0.345345 0.0707995 0.03451 -0.0381813 0.0389932 0.0234814 -0.0400076
-0.335335 0.0710411 0.0336209 -0.0389944 0.0381803 0.0246561 -0.0393806
-0.325325 0.0712763 0.0327221 -0.0397884 0.0373411 0.0258089 -0.0387107
-0.315315 0.0715052 0.0318138 -0.040563 0.036476 0.0269387 -0.0379985
-0.305305 0.0717276 0.0308962 -0.0413176 0.0355857 0.0280444 -0.0372448
-0.295295 0.0719435 0.0299697 -0.0420519 0.0346708 0.0291252 -0.0364504
-0.285285 0.0721528 0.0290344 -0.0427656 0.0337319 0.0301799 -0.0356162
-0.275275 0.0723554 0.0280907 -0.0434581 0.0327696 0.0312076 -0.034743
-0.265265 0.0725514 0.0271388 -0.0441293 0.0317845 0.0322074 -0.0338317
-0.255255 0.0727406 0.0261789 -0.0447786 0.0307774 0.0331784 -0.0328834
-0.245245 0.072923 0.0252113 -0.0454058 0.0297489 0.0341198 -0.0318991
-0.235235 0.0730985 0.0242363 -0.0460106 0.0286997 0.0350305 -0.0308798
-0.225225 0.0732671 0.0232541 -0.0465926 0.0276305 0.0359099 -0.0298267
-0.215215 0.0734288 0.0222652 -0.0471515 0.0265421 0.036757 -0.0287408
-0.205205 0.0735834 0.0212696 -0.0476869 0.0254352 0.0375712 -0.0276234
-0.195195 0.073731 0.0202677 -0.0481988 0.0243106 0.0383516 -0.0264757
-0.185185 0.0738714 0.0192599 -0.0486866 0.023169 0.0390977 -0.0252988
-0.175175 0.0740047 0.0182463 -0.0491503 0.0220112 0.0398086 -0.0240942
-0.165165 0.0741309 0.0172274 -0.0495894 0.020838 0.0404837 -0.0228631
-0.155155 0.0742498 0.0162033 -0.0500039 0.0196503 0.0411224 -0.0216069
-0.145145 0.0743614 0.0151744 -0.0503935 0.0184489 0.0417241 -0.0203269
-0.135135 0.0744657 0.014141 -0.0507579 0.0172345 0.0422883 -0.0190245
-0.125125 0.0745628 0.0131034 -0.051097 0.0160081 0.0428145 -0.0177012
-0.115115 0.0746524 0.0120619 -0.0514106 0.0147705 0.0433021 -0.0163585
-0.105105 0.0747347 0.0110167 -0.0516984 0.0135226 0.0437507 -0.0149977
-0.0950951 0.0748096 0.00996835 -0.0519605 0.0122651 0.0441599 -0.0136204
-0.0850851 0.074877 0.00891699 -0.0521966 0.0109991 0.0445294 -0.0122281
-0.0750751 0.0749371 0.00786298 -0.0524066 0.0097254 0.0448587 -0.0108223
-0.0650651 0.0749896 0.00680662 -0.0525903 0.00844486 0.0451475 -0.00940463
-0.0550551 0.0750347 0.00574823 -0.0527478 0.00715839 0.0453957 -0.00797658
-0.045045 0.0750722 0.00468814 -0.0528788 0.00586691 0.045603 -0.00653975
-0.035035 0.0751023 0.00362666 -0.0529833 0.0045713 0.0457691 -0.0050957
-0.025025 0.0751248 0.0025641 -0.0530614 0.00327249 0.045894 -0.00364604
-0.015015 0.0751398 0.0015008 -0.0531128 0.00197138 0.0459775 -0.00219236
-0.00500501 0.0751473 0.000437057 -0.0531377 0.000668891 0.0460196 -0.00073627
0.00500501 0.0751473 -0.000626796 -0.0531359 -0.000634074 0.0460201 0.000720635
0.015015 0.0751397 -0.00169044 -0.0531075 -0.0019366 0.0459792 0.00217675
0.025025 0.0751247 -0.00275356 -0.0530525 -0.00323776 0.0458968 0.00363046
0.035035 0.075102 -0.00381584 -0.0529709 -0.00453666 0.045773 0.00508017
0.045045 0.0750719 -0.00487695 -0.0528628 -0.00583238 0.0456079 0.00652428
0.0550551 0.0750343 -0.00593658 -0.0527282 -0.00712401 0.0454017 0.0079612
0.0650651 0.0749892 -0.0069944 -0.0525672 -0.00841065 0.0451546 0.00938935
0.0750751 0.0749366 -0.00805011 -0.0523799 -0.0096914 0.0448668 0.0108072
0.0850851 0.0748765 -0.00910339 -0.0521664 -0.0109654 0.0445386 0.0122131
0.0950951 0.074809 -0.0101539 -0.0519268 -0.0122316 0.0441702 0.0136055
0.105105 0.074734 -0.0112014 -0.0516613 -0.0134893 0.0437621 0.014983
0.115115 0.0746517 -0.0122455 -0.0513699 -0.0147376 0.0433145 0.0163439
0.125125 0.0745619 -0.0132859 -0.0510528 -0.0159756 0.0428279 0.0176869
0.135135 0.0744648 -0.0143223 -0.0507102 -0.0172023 0.0423028 0.0190104
0.145145 0.0743604 -0.0153544 -0.0503423 -0.0184171 0.0417396 0.020313
0.155155 0.0742487 -0.016382 -0.0499493 -0.0196189 0.0411389 0.0215932
0.165165 0.0741298 -0.0174046 -0.0495314 -0.0208071 0.0405011 0.0228497
0.175175 0.0740036 -0.018422 -0.0490888 -0.0219807 0.039827 0.0240811
0.185185 0.0738702 -0.0194339 -0.0486218 -0.023139 0.039117 0.025286
0.195195 0.0737297 -0.0204401 -0.0481306 -0.0242811 0.038372 0.0264631
0.205205 0.0735821 -0.0214401 -0.0476154 -0.0254063 0.0375924 0.0276112
0.215215 0.0734274 -0.0224338 -0.0470766 -0.0265138 0.0367792 0.0287289
0.225225 0.0732657 -0.0234208 -0.0465144 -0.0276028 0.0359329 0.0298151
0.235235 0.073097 -0.0244009 -0.0459291 -0.0286726 0.0350544 0.0308686
0.245245 0.0729214 -0.0253738 -0.0453211 -0.0297224 0.0341445 0.0318883
0.255255 0.072739 -0.0263392 -0.0446906 -0.0307516 0.033204 0.032873
0.265265 0.0725497 -0.0272968 -0.044038 -0.0317594 0.0322338 0.0338216
0.275275 0.0723537 -0.0282464 -0.0433637 -0.0327451 0.0312348 0.0347333
0.285285 0.0721509 -0.0291877 -0.0426679 -0.0337082 0.0302078 0.0356069
0.295295 0.0719416 -0.0301205 -0.0419511 -0.0346478 0.0291539 0.0364415
0.305305 0.0717256 -0.0310444 -0.0412137 -0.0355635 0.0280739 0.0372363
0.315315 0.0715032 -0.0319593 -0.040456 -0.0364546 0.0269689 0.0379905
0.325325 0.0712743 -0.0328649 -0.0396784 -0.0373204 0.0258398 0.0387031
0.335335 0.071039 -0.033761 -0.0388813 -0.0381605 0.0246876 0.0393735
0.345345 0.0707974 -0.0346472 -0.0380652 -0.0389743 0.0235136 0.0400009
0.355355 0.0705495 -0.0355235 -0.0372305 -0.0397611 0.0223185 0.0405847
0.365365 0.0702955 -0.0363895 -0.0363776 -0.0405206 0.0211037 0.0411243
0.375375 0.0700353 -0.037245 -0.0355069 -0.0412522 0.0198701 0.0416191
0.385385 0.0697692 -0.0380899 -0.0346189 -0.0419555 0.0186188 0.0420686
0.395395 0.069497 -0.0389239 -0.0337141 -0.04263 0.0173511 0.0424724
0.405405 0.069219 -0.0397467 -0.0327929 -0.0432752 0.016068 0.0428301
0.415415 0.0689353 -0.0405583 -0.0318558 -0.0438908 0.0147706 0.0431412
0.425425 0.0686458 -0.0413584 -0.0309033 -0.0444764 0.0134602 0.0434055
0.435435 0.0683506 -0.0421467 -0.0299358 -0.0450315 0.0121379 0.0436228
0.445445 0.0680499 -0.0429232 -0.028954 -0.045556 0.0108049 0.0437929
0.455455 0.0677438 -0.0436877 -0.0279581 -0.0460494 0.00946236 0.0439155
0.465465 0.0674323 -0.0444399 -0.0269488 -0.0465115 0.0081115 0.0439906
0.475475 0.0671154 -0.0451797 -0.0259266 -0.0469419 0.00675349 0.0440183
0.485485 0.0667934 -0.0459069 -0.024892 -0.0473405 0.00538955 0.0439983
0.495495 0.0664663 -0.0466214 -0.0238455 -0.047707 0.00402088 0.043931
0.505506 0.0661341 -0.047323 -0.0227876 -0.0480412 0.00264869 0.0438163
0.515516 0.065797 -0.0480116 -0.0217188 -0.048343 0.00127417 0.0436544
0.525526 0.0654551 -0.0486871 -0.0206398 -0.0486121 -0.00010145 0.0434456
0.535536 0.0651084 -0.0493492 -0.0195509 -0.0488485 -0.00147698 0.0431901
0.545546 0.0647571 -0.049998 -0.0184528 -0.049052 -0.00285122 0.0428882
0.555556 0.0644012 -0.0506332 -0.017346 -0.0492226 -0.00422298 0.0425403
0.565566 0.0640408 -0.0512547 -0.016231 -0.0493602 -0.00559105 0.0421469
0.575576 0.0636761 -0.0518624 -0.0151084 -0.0494647 -0.00695425 0.0417084
0.585586 0.0633071 -0.0524563 -0.0139787 -0.0495362 -0.00831142 0.0412253
0.595596 0.062934 -0.0530362 -0.0128425 -0.0495746 -0.00966137 0.0406981
0.605606 0.0625568 -0.0536021 -0.0117003 -0.0495801 -0.011003 0.0401276
0.615616 0.0621756 -0.0541538 -0.0105526 -0.0495525 -0.012335 0.0395142
0.625626 0.0617905 -0.0546913 -0.00939998 -0.0494922 -0.0136564 0.0388589
0.635636 0.0614017 -0.0552145 -0.00824303 -0.049399 -0.014966 0.0381622
0.645646 0.0610092 -0.0557233 -0.00708227 -0.0492732 -0.0162628 0.037425
0.655656 0.0606132 -0.0562177 -0.00591823 -0.0491149 -0.0175455 0.0366482
0.665666 0.0602137 -0.0566976 -0.00475147 -0.0489242 -0.0188132 0.0358325
0.675676 0.0598108 -0.057163 -0.00358252 -0.0487014 -0.0200647 0.0349789
0.685686 0.0594047 -0.0576138 -0.00241191 -0.0484467 -0.0212991 0.0340884
0.695696 0.0589954 -0.05805 -0.00124019 -0.0481602 -0.0225152 0.0331618
0.705706 0.058583 -0.0584716 -6.78884e-05 -0.0478424 -0.0237122 0.0322004
0.715716 0.0581678 -0.0588785 0.00110446 -0.0474933 -0.0248889 0.0312051
0.725726 0.0577496 -0.0592708 0.00227634 -0.0471134 -0.0260445 0.0301769
0.735736 0.0573288 -0.0596483 0.00344722 -0.0467029 -0.0271779 0.0291171
0.745746 0.0569053 -0.0600112 0.00461658 -0.0462622 -0.0282883 0.0280268
0.755756 0.0564793 -0.0603594 0.0057839 -0.0457917 -0.0293748 0.0269072
0.765766 0.0560508 -0.0606928 0.00694868 -0.0452916 -0.0304365 0.0257595
0.775776 0.05562 -0.0610117 0.00811041 -0.0447624 -0.0314725 0.0245848
0.785786 0.0551871 -0.0613158 0.00926859 -0.0442045 -0.032482 0.0233846
0.795796 0.0547519 -0.0616053 0.0104227 -0.0436184 -0.0334643 0.02216
0.805806 0.0543148 -0.0618802 0.0115723 -0.0430044 -0.0344185 0.0209124
0.815816 0.0538758 -0.0621406 0.0127169 -0.0423631 -0.0353439 0.0196431
0.825826 0.053435 -0.0623864 0.0138559 -0.0416948 -0.0362397 0.0183535
0.835836 0.0529924 -0.0626177 0.014989 -0.0410002 -0.0371054 0.0170449
0.845846 0.0525483 -0.0628346 0.0161157 -0.0402797 -0.0379402 0.0157187
0.855856 0.0521027 -0.0630371 0.0172354 -0.0395338 -0.0387435 0.0143764
0.865866 0.0516556 -0.0632253 0.0183479 -0.0387631 -0.0395147 0.0130192
0.875876 0.0512073 -0.0633993 0.0194525 -0.0379681 -0.0402532 0.0116486
0.885886 0.0507578 -0.063559 0.0205489 -0.0371494 -0.0409586 0.0102661
0.895896 0.0503072 -0.0637047 0.0216366 -0.0363075 -0.0416302 0.00887315
0.905906 0.0498556 -0.0638364 0.0227153 -0.0354431 -0.0422676 0.00747108
0.915916 0.0494031 -0.0639541 0.0237844 -0.0345568 -0.0428704 0.0060614
0.925926 0.0489498 -0.064058 0.0248437 -0.0336491 -0.0434381 0.00464554
0.935936 0.0484958 -0.0641481 0.0258927 -0.0327207 -0.0439704 0.00322497
0.945946 0.0480411 -0.0642246 0.026931 -0.0317723 -0.0444669 0.00180112
0.955956 0.047586 -0.0642876 0.0279583 -0.0308043 -0.0449273 0.000375447
0.965966 0.0471305 -0.0643371 0.0289741 -0.0298176 -0.0453513 -0.0010506
0.975976 0.0466747 -0.0643733 0.0299782 -0.0288128 -0.0457386 -0.00247559
0.985986 0.0462186 -0.0643963 0.0309701 -0.0277905 -0.046089 -0.00389809
0.995996 0.0457624 -0.0644063 0.0319495 -0.0267515 -0.0464024 -0.00531667
1.00601 0.0453062 -0.0644033 0.0329162 -0.0256963 -0.0466785 -0.00672992
1.01602 0.04485 -0.0643874 0.0338697 -0.0246257 -0.0469173 -0.00813644
1.02603 0.044394 -0.0643589 0.0348097 -0.0235404 -0.0471186 -0.00953483
1.03604 0.0439382 -0.0643179 0.035736 -0.022441 -0.0472824 -0.0109237
1.04605 0.0434827 -0.0642645 0.0366483 -0.0213283 -0.0474086 -0.0123017
1.05606 0.0430277 -0.0641987 0.0375463 -0.020203 -0.0474973 -0.0136675
1.06607 0.0425731 -0.0641209 0.0384297 -0.0190658 -0.0475485 -0.0150198
1.07608 0.0421192 -0.0640312 0.0392982 -0.0179174 -0.0475622 -0.0163572
1.08609 0.0416658 -0.0639296 0.0401516 -0.0167584 -0.0475385 -0.0176785
1.0961 0.0412133 -0.0638163 0.0409896 -0.0155897 -0.0474776 -0.0189824
1.10611 0.0407615 -0.0636916 0.0418121 -0.014412 -0.0473796 -0.0202677
1.11612 0.0403107 -0.0635556 0.0426188 -0.0132259 -0.0472446 -0.0215331
1.12613 0.0398609 -0.0634084 0.0434095 -0.0120322 -0.047073 -0.0227775
1.13614 0.0394121 -0.0632502 0.044184 -0.0108315 -0.0468649 -0.0239996
1.14615 0.0389645 -0.0630812 0.044942 -0.00962469 -0.0466205 -0.0251984
1.15616 0.0385182 -0.0629016 0.0456835 -0.00841237 -0.0463403 -0.0263728
1.16617 0.0380731 -0.0627115 0.0464083 -0.00719527 -0.0460245 -0.0275216
1.17618 0.0376294 -0.0625111 0.0471161 -0.0059741 -0.0456735 -0.0286438
1.18619 0.0371871 -0.0623006 0.0478069 -0.00474956 -0.0452876 -0.0297384
1.1962 0.0367463 -0.0620801 0.0484805 -0.00352237 -0.0448673 -0.0308045
1.20621 0.0363072 -0.06185 0.0491368 -0.0022932 -0.0444129 -0.031841
1.21622 0.0358697 -0.0616102 0.0497757 -0.00106276 -0.0439249 -0.032847
1.22623 0.0354339 -0.0613611 0.050397 0.000168272 -0.0434039 -0.0338217
1.23624 0.0349999 -0.0611028 0.0510007 0.00139921 -0.0428503 -0.0347643
1.24625 0.0345677 -0.0608356 0.0515867 0.00262939 -0.0422645 -0.0356738
1.25626 0.0341375 -0.0605595 0.0521548 0.00385813 -0.0416473 -0.0365496
1.26627 0.0337092 -0.0602748 0.0527051 0.00508478 -0.040999 -0.0373908
1.27628 0.033283 -0.0599817 0.0532375 0.00630868 -0.0403204 -0.0381969
1.28629 0.0328589 -0.0596804 0.053752 0.00752919 -0.039612 -0.0389671
1.2963 0.0324369 -0.059371 0.0542484 0.00874567 -0.0388745 -0.0397008
1.30631 0.0320172 -0.0590538 0.0547268 0.00995749 -0.0381084 -0.0403974
1.31632 0.0315997 -0.058729 0.0551872 0.011164 -0.0373145 -0.0410564
1.32633 0.0311845 -0.0583967 0.0556295 0.0123647 -0.0364935 -0.0416773
1.33634 0.0307717 -0.0580572 0.0560538 0.0135588 -0.0356459 -0.0422596
1.34635 0.0303614 -0.0577107 0.0564601 0.0147459 -0.0347726 -0.0428029
1.35636 0.0299535 -0.0573573 0.0568483 0.0159253 -0.0338743 -0.0433068
1.36637 0.0295481 -0.0569973 0.0572186 0.0170965 -0.0329516 -0.0437709
1.37638 0.0291453 -0.0566308 0.0575709 0.0182589 -0.0320054 -0.044195
1.38639 0.028745 -0.056258 0.0579054 0.0194119 -0.0310364 -0.0445787
1.3964 0.0283475 -0.0558792 0.0582219 0.0205551 -0.0300454 -0.0449219
1.40641 0.0279526 -0.0554946 0.0585208 0.0216879 -0.0290332 -0.0452244
1.41642 0.0275605 -0.0551043 0.0588019 0.0228097 -0.0280006 -0.045486
1.42643 0.0271712 -0.0547085 0.0590654 0.0239202 -0.0269483 -0.0457066
1.43644 0.0267847 -0.0543074 0.0593113 0.0250187 -0.0258773 -0.0458861
1.44645 0.026401 -0.0539013 0.0595399 0.0261049 -0.0247882 -0.0460246
1.45646 0.0260202 -0.0534903 0.0597511 0.0271783 -0.023682 -0.0461219
1.46647 0.0256424 -0.0530746 0.0599451 0.0282383 -0.0225595 -0.0461783
1.47648 0.0252675 -0.0526544 0.060122 0.0292846 -0.0214215 -0.0461936
1.48649 0.0248956 -0.0522299 0.0602819 0.0303168 -0.0202688 -0.0461682
1.4965 0.0245267 -0.0518013 0.060425 0.0313345 -0.0191024 -0.0461021
1.50651 0.0241608 -0.0513687 0.0605514 0.0323372 -0.017923 -0.0459955
1.51652 0.023798 -0.0509324 0.0606612 0.0333245 -0.0167316 -0.0458487
1.52653 0.0234384 -0.0504926 0.0607547 0.0342962 -0.0155289 -0.0456619
1.53654 0.0230818 -0.0500494 0.0608319 0.0352518 -0.0143159 -0.0454355
1.54655 0.0227284 -0.049603 0.060893 0.0361911 -0.0130933 -0.0451697
1.55656 0.0223781 -0.0491536 0.0609383 0.0371136 -0.0118621 -0.044865
1.56657 0.0220311 -0.0487014 0.0609678 0.0380191 -0.010623 -0.0445217
1.57658 0.0216873 -0.0482466 0.0609818 0.0389073 -0.00937699 -0.0441403
1.58659 0.0213466 -0.0477893 0.0609804 0.0397779 -0.00812486 -0.0437212
1.5966 0.0210093 -0.0473297 0.0609639 0.0406307 -0.00686745 -0.0432649
1.60661 0.0206752 -0.0468679 0.0609325 0.0414653 -0.00560561 -0.0427721
1.61662 0.0203443 -0.0464043 0.0608863 0.0422815 -0.00434016 -0.0422431
1.62663 0.0200168 -0.0459388 0.0608255 0.0430792 -0.00307194 -0.0416787
1.63664 0.0196925 -0.0454718 0.0607504 0.0438581 -0.00180177 -0.0410793
1.64665 0.0193716 -0.0450033 0.0606612 0.0446179 -0.000530457 -0.0404457
1.65666 0.019054 -0.0445335 0.0605581 0.0453586 0.000741184 -0.0397786
1.66667 0.0187397 -0.0440626 0.0604413 0.04608 0.00201236 -0.0390785
1.67668 0.0184288 -0.0435908 0.0603111 0.0467819 0.00328227 -0.0383462
1.68669 0.0181212 -0.0431181 0.0601677 0.0474641 0.00455015 -0.0375824
1.6967 0.0178169 -0.0426448 0.0600113 0.0481266 0.00581521 -0.036788
1.70671 0.017516 -0.042171 0.0598422 0.0487692 0.00707671 -0.0359636
1.71672 0.0172185 -0.0416969 0.0596605 0.0493918 0.00833388 -0.03511
1.72673 0.0169243 -0.0412225 0.0594666 0.0499944 0.009586 -0.0342282
1.73674 0.0166335 -0.0407481 0.0592607 0.0505768 0.0108323 -0.0333188
1.74675 0.016346 -0.0402738 0.059043 0.0511391 0.0120722 -0.0323828
1.75676 0.0160619 -0.0397997 0.0588138 0.0516811 0.0133048 -0.031421
1.76677 0.0157812 -0.039326 0.0585734 0.0522028 0.0145295 -0.0304343
1.77678 0.0155038 -0.0388528 0.0583219 0.0527043 0.0157457 -0.0294235
1.78679 0.0152297 -0.0383802 0.0580596 0.0531855 0.0169527 -0.0283896
1.7968 0.014959 -0.0379083 0.0577869 0.0536463 0.0181498 -0.0273335
1.80681 0.0146917 -0.0374374 0.0575039 0.0540869 0.0193364 -0.0262562
1.81682 0.0144277 -0.0369675 0.057211 0.0545073 0.0205119 -0.0251584
1.82683 0.014167 -0.0364987 0.0569083 0.0549074 0.0216756 -0.0240413
1.83684 0.0139096 -0.0360311 0.0565961 0.0552874 0.0228271 -0.0229057
1.84685 0.0136555 -0.035565 0.0562747 0.0556473 0.0239657 -0.0217526
1.85686 0.0134047 -0.0351003 0.0559444 0.0559872 0.0250908 -0.020583
1.86687 0.0131572 -0.0346372 0.0556054 0.0563072 0.026202 -0.0193978
1.87688 0.012913 -0.0341758 0.0552579 0.0566073 0.0272987 -0.018198
1.88689 0.0126721 -0.0337162 0.0549023 0.0568877 0.0283805 -0.0169845
1.8969 0.0124344 -0.0332585 0.0545388 0.0571485 0.0294467 -0.0157584
1.90691 0.0121999 -0.0328029 0.0541676 0.0573898 0.030497 -0.0145206
1.91692 0.0119687 -0.0323493 0.0537891 0.0576118 0.0315309 -0.0132721
1.92693 0.0117406 -0.031898 0.0534034 0.0578146 0.032548 -0.0120139
1.93694 0.0115158 -0.0314489 0.0530108 0.0579983 0.0335479 -0.0107468
1.94695 0.0112941 -0.0310023 0.0526116 0.0581632 0.0345301 -0.00947201
1.95696 0.0110756 -0.0305581 0.0522061 0.0583093 0.0354942 -0.00819034
1.96697 0.0108602 -0.0301165 0.0517944 0.0584369 0.03644 -0.00690278
1.97698 0.010648 -0.0296775 0.0513769 0.0585462 0.0373671 -0.0056103
1.98699 0.0104388 -0.0292412 0.0509537 0.0586374 0.038275 -0.00431382
1.997 0.0102328 -0.0288078 0.0505252 0.0587106 0.0391636 -0.0030143
2.00701 0.0100297 -0.0283772 0.0500916 0.0587661 0.0400325 -0.00171266
2.01702 0.00982979 -0.0279495 0.0496531 0.0588041 0.0408815 -0.000409823
2.02703 0.00963285 -0.0275249 0.04921 0.0588248 0.0417103 0.000893298
2.03704 0.00943891 -0.0271033 0.0487625 0.0588284 0.0425186 0.0021958
2.04705 0.00924795 -0.0266849 0.0483108 0.0588153 0.0433063 0.0034968
2.05706 0.00905994 -0.0262696 0.0478553 0.0587856 0.044073 0.00479541
2.06707 0.00887487 -0.0258577 0.047396 0.0587396 0.0448187 0.00609077
2.07708 0.00869271 -0.025449 0.0469333 0.0586776 0.0455432 0.00738202
2.08709 0.00851343 -0.0250437 0.0464674 0.0585997 0.0462463 0.00866833
2.0971 0.00833702 -0.0246418 0.0459985 0.0585063 0.0469279 0.00994886
2.10711 0.00816344 -0.0242434 0.0455269 0.0583977 0.0475878 0.0112228
2.11712 0.00799268 -0.0238486 0.0450527 0.0582741 0.048226 0.0124894
2.12713 0.0078247 -0.0234572 0.0445761 0.0581357 0.0488423 0.0137478
2.13714 0.00765949 -0.0230695 0.0440975 0.057983 0.0494368 0.0149973
2.14715 0.00749701 -0.0226854 0.0436169 0.0578161 0.0500093 0.0162371
2.15716 0.00733725 -0.022305 0.0431346 0.0576354 0.0505597 0.0174666
2.16717 0.00718017 -0.0219283 0.0426509 0.0574411 0.0510882 0.0186849
2.17718 0.00702575 -0.0215553 0.0421658 0.0572336 0.0515946 0.0198914
2.18719 0.00687396 -0.0211861 0.0416797 0.057013 0.052079 0.0210855
2.1972 0.00672478 -0.0208207 0.0411927 0.0567799 0.0525414 0.0222664
2.20721 0.00657818 -0.0204591 0.0407049 0.0565343 0.0529818 0.0234335
2.21722 0.00643412 -0.0201014 0.0402167 0.0562768 0.0534003 0.0245863
2.22723 0.0062926 -0.0197476 0.0397281 0.0560074 0.0537969 0.0257241
2.23724 0.00615357 -0.0193976 0.0392393 0.0557266 0.0541718 0.0268463
2.24725 0.006017 -0.0190516 0.0387506 0.0554347 0.054525 0.0279523
2.25726 0.00588288 -0.0187095 0.0382621 0.0551319 0.0548566 0.0290418
2.26727 0.00575117 -0.0183713 0.0377739 0.0548186 0.0551667 0.030114
2.27728 0.00562185 -0.0180371 0.0372863 0.0544951 0.0554555 0.0311685
2.28729 0.00549489 -0.0177069 0.0367994 0.0541617 0.0557231 0.0322049
2.2973 0.00537025 -0.0173806 0.0363134 0.0538187 0.0559696 0.0332227
2.30731 0.00524792 -0.0170583 0.0358283 0.0534663 0.0561953 0.0342214
2.31732 0.00512786 -0.01674 0.0353444 0.053105 0.0564002 0.0352007
2.32733 0.00501004 -0.0164257 0.0348619 0.0527351 0.0565847 0.0361601
2.33734 0.00489444 -0.0161153 0.0343808 0.0523567 0.0567488 0.0370992
2.34735 0.00478103 -0.015809 0.0339013 0.0519703 0.0568928 0.0380178
2.35736 0.00466978 -0.0155066 0.0334235 0.0515762 0.0570169 0.0389155
2.36737 0.00456066 -0.0152082 0.0329476 0.0511745 0.0571213 0.0397919
2.37738 0.00445365 -0.0149138 0.0324737 0.0507657 0.0572063 0.0406469
2.38739 0.00434871 -0.0146234 0.0320019 0.0503501 0.0572721 0.04148
2.3974 0.00424581 -0.014337 0.0315324 0.0499279 0.057319 0.0422911
2.40741 0.00414494 -0.0140545 0.0310652 0.0494994 0.0573472 0.04308
2.41742 0.00404606 -0.0137759 0.0306006 0.0490649 0.0573569 0.0438464
2.42743 0.00394914 -0.0135013 0.0301385 0.0486248 0.0573485 0.0445902
2.43744 0.00385415 -0.0132306 0.0296791 0.0481792 0.0573223 0.0453111
2.44745 0.00376108 -0.0129639 0.0292225 0.0477286 0.0572785 0.046009
2.45746 0.00366988 -0.012701 0.0287688 0.0472731 0.0572174 0.0466839
2.46747 0.00358054 -0.012442 0.0283181 0.046813 0.0571393 0.0473355
2.47748 0.00349302 -0.0121868 0.0278705 0.0463487 0.0570446 0.0479639
2.48749 0.0034073 -0.0119355 0.0274261 0.0458804 0.0569334 0.0485689
2.4975 0.00332335 -0.011688 0.0269849 0.0454083 0.0568063 0.0491505
2.50751 0.00324115 -0.0114444 0.0265471 0.0449327 0.0566634 0.0497086
2.51752 0.00316066 -0.0112045 0.0261127 0.044454 0.0565051 0.0502432
2.52753 0.00308186 -0.0109683 0.0256818 0.0439723 0.0563317 0.0507544
2.53754 0.00300472 -0.0107359 0.0252545 0.0434879 0.0561436 0.0512421
2.54755 0.00292922 -0.0105072 0.0248309 0.043001 0.0559411 0.0517064
2.55756 0.00285534 -0.0102822 0.0244109 0.042512 0.0557245 0.0521473
2.56757 0.00278303 -0.0100608 0.0239947 0.0420209 0.0554942 0.052565
2.57758 0.00271229 -0.00984308 0.0235824 0.0415282 0.0552505 0.0529594
2.58759 0.00264308 -0.00962895 0.0231739 0.041034 0.0549937 0.0533307
2.5976 0.00257538 -0.00941839 0.0227694 0.0405385 0.0547243 0.053679
2.60761 0.00250916 -0.00921138 0.0223689 0.040042 0.0544424 0.0540044
2.61762 0.0024444 -0.00900788 0.0219723 0.0395447 0.0541486 0.0543071
2.62763 0.00238107 -0.00880786 0.0215799 0.0390468 0.0538431 0.0545872
2.63764 0.00231915 -0.0086113 0.0211916 0.0385485 0.0535263 0.0548449
2.64765 0.00225861 -0.00841816 0.0208075 0.0380501 0.0531986 0.0550804
2.65766 0.00219944 -0.00822842 0.0204275 0.0375517 0.0528602 0.0552939
2.66767 0.0021416 -0.00804202 0.0200518 0.0370535 0.0525116 0.0554856
2.67768 0.00208507 -0.00785896 0.0196803 0.0365558 0.0521531 0.0556557
2.68769 0.00202983 -0.00767918 0.0193131 0.0360586 0.051785 0.0558044
2.6977 0.00197586 -0.00750266 0.0189502 0.0355623 0.0514076 0.055932
2.70771 0.00192313 -0.00732936 0.0185916 0.035067 0.0510214 0.0560387
2.71772 0.00187161 -0.00715925 0.0182374 0.0345728 0.0506267 0.0561249
2.72773 0.0018213 -0.00699229 0.0178876 0.03408 0.0502238 0.0561907
2.73774 0.00177216 -0.00682845 0.0175421 0.0335886 0.049813 0.0562365
2.74775 0.00172418 -0.0066677 0.017201 0.033099 0.0493947 0.0562625
2.75776 0.00167732 -0.00650998 0.0168643 0.0326111 0.0489693 0.0562691
2.76777 0.00163158 -0.00635528 0.016532 0.0321253 0.0485369 0.0562565
2.77778 0.00158692 -0.00620355 0.0162041 0.0316415 0.0480981 0.0562251
2.78779 0.00154333 -0.00605476 0.0158806 0.03116 0.0476531 0.0561752
2.7978 0.00150079 -0.00590887 0.0155615 0.0306809 0.0472022 0.0561072
2.80781 0.00145927 -0.00576584 0.0152468 0.0302044 0.0467458 0.0560213
2.81782 0.00141877 -0.00562564 0.0149366 0.0297305 0.0462841 0.0559179
2.82783 0.00137924 -0.00548823 0.0146307 0.0292595 0.0458175 0.0557973
2.83784 0.00134069 -0.00535357 0.0143293 0.0287913 0.0453463 0.05566
2.84785 0.00130308 -0.00522163 0.0140322 0.0283262 0.0448708 0.0555062
2.85786 0.0012664 -0.00509237 0.0137395 0.0278643 0.0443913 0.0553364
2.86787 0.00123063 -0.00496575 0.0134511 0.0274056 0.0439081 0.0551508
2.87788 0.00119575 -0.00484173 0.0131671 0.0269502 0.0434215 0.05495
2.88789 0.00116174 -0.00472028 0.0128875 0.0264983 0.0429318 0.0547341
2.8979 0.00112858 -0.00460136 0.0126121 0.02605 0.0424392 0.0545037
2.90791 0.00109627 -0.00448493 0.012341 0.0256053 0.041944 0.054259
2.91792 0.00106477 -0.00437096 0.0120743 0.0251644 0.0414466 0.0540006
2.92793 0.00103407 -0.00425941 0.0118117 0.0247272 0.0409471 0.0537286
2.93794 0.00100416 -0.00415024 0.0115534 0.024294 0.0404459 0.0534436
2.94795 0.00097501 -0.00404342 0.0112993 0.0238647 0.0399432 0.0531459
2.95796 0.000946616 -0.00393891 0.0110494 0.0234395 0.0394393 0.052836
2.96797 0.000918956 -0.00383667 0.0108036 0.0230184 0.0389343 0.0525141
2.97798 0.000892016 -0.00373666 0.010562 0.0226014 0.0384286 0.0521806
2.98799 0.000865778 -0.00363886 0.0103244 0.0221887 0.0379225 0.0518361
2.998 0.000840228 -0.00354322 0.0100909 0.0217803 0.037416 0.0514807
3.00801 0.00081535 -0.00344972 0.00986147 0.0213762 0.0369095 0.051115
3.01802 0.00079113 -0.0033583 0.00963601 0.0209764 0.0364031 0.0507393
3.02803 0.000767552 -0.00326895 0.00941452 0.0205812 0.0358972 0.050354
3.03804 0.000744603 -0.00318162 0.00919696 0.0201903 0.0353918 0.0499594
3.04805 0.000722267 -0.00309628 0.0089833 0.019804 0.0348873 0.049556
3.05806 0.000700531 -0.00301289 0.0087735 0.0194223 0.0343838 0.0491441
3.06807 0.000679381 -0.00293142 0.00856752 0.0190451 0.0338815 0.048724
3.07808 0.000658804 -0.00285184 0.00836534 0.0186725 0.0333805 0.0482962
3.08809 0.000638786 -0.00277412 0.0081669 0.0183045 0.0328812 0.0478611
3.0981 0.000619314 -0.00269821 0.00797218 0.0179412 0.0323837 0.0474189
3.10811 0.000600375 -0.00262409 0.00778113 0.0175826 0.031888 0.04697
3.11812 0.000581958 -0.00255172 0.00759371 0.0172286 0.0313945 0.0465149
3.12813 0.000564049 -0.00248108 0.00740989 0.0168794 0.0309033 0.0460538
3.13814 0.000546636 -0.00241212 0.00722962 0.0165348 0.0304145 0.045587
3.14815 0.000529708 -0.00234482 0.00705286 0.016195 0.0299283 0.0451151
3.15816 0.000513252 -0.00227915 0.00687957 0.0158599 0.0294448 0.0446382
3.16817 0.000497258 -0.00221508 0.00670971 0.0155295 0.0289641 0.0441567
3.17818 0.000481714 -0.00215256 0.00654324 0.0152038 0.0284865 0.0436709
3.18819 0.00046661 -0.00209159 0.00638011 0.0148829 0.028012 0.0431812
3.1982 0.000451933 -0.00203211 0.00622028 0.0145667 0.0275408 0.0426879
3.20821 0.000437675 -0.00197411 0.00606371 0.0142551 0.027073 0.0421913
3.21822 0.000423824 -0.00191756 0.00591036 0.0139483 0.0266087 0.0416917
3.22823 0.00041037 -0.00186242 0.00576018 0.0136462 0.026148 0.0411894
3.23824 0.000397303 -0.00180866 0.00561312 0.0133488 0.025691 0.0406848
3.24825 0.000384614 -0.00175627 0.00546916 0.013056 0.0252379 0.040178
3.25826 0.000372293 -0.0017052 0.00532823 0.0127679 0.0247886 0.0396694
3.26827 0.00036033 -0.00165544 0.0051903 0.0124843 0.0243434 0.0391593
3.27828 0.000348717 -0.00160696 0.00505533 0.0122054 0.0239023 0.038648
3.28829 0.000337445 -0.00155972 0.00492327 0.0119311 0.0234654 0.0381356
3.2983 0.000326504 -0.00151371 0.00479407 0.0116613 0.0230327 0.0376226
3.30831 0.000315886 -0.00146889 0.0046677 0.0113961 0.0226043 0.0371091
3.31832 0.000305583 -0.00142525 0.00454411 0.0111354 0.0221804 0.0365954
3.32833 0.000295586 -0.00138275 0.00442326 0.0108791 0.0217609 0.0360817
3.33834 0.000285888 -0.00134137 0.0043051 0.0106273 0.021346 0.0355683
3.34835 0.00027648 -0.00130109 0.00418959 0.0103799 0.0209356 0.0350555
3.35836 0.000267355 -0.00126188 0.00407669 0.0101369 0.0205299 0.0345433
3.36837 0.000258505 -0.00122372 0.00396635 0.00989818 0.0201289 0.0340322
3.37838 0.000249924 -0.00118658 0.00385854 0.0096638 0.0197326 0.0335222
3.38839 0.000241602 -0.00115044 0.0037532 0.0094337 0.0193411 0.0330136
3.3984 0.000233535 -0.00111529 0.0036503 0.00920784 0.0189544 0.0325066
3.40841 0.000225714 -0.00108109 0.0035498 0.00898617 0.0185725 0.0320014
3.41842 0.000218134 -0.00104782 0.00345165 0.00876866 0.0181955 0.0314981
3.42843 0.000210787 -0.00101547 0.00335581 0.00855526 0.0178234 0.030997
3.43844 0.000203667 -0.000984008 0.00326224 0.00834594 0.0174562 0.0304983
3.44845 0.000196767 -0.000953419 0.0031709 0.00814065 0.0170939 0.0300021
3.45846 0.000190083 -0.00092368 0.00308175 0.00793935 0.0167366 0.0295085
3.46847 0.000183607 -0.000894772 0.00299475 0.00774199 0.0163842 0.0290178
3.47848 0.000177334 -0.000866674 0.00290987 0.00754854 0.0160369 0.0285301
3.48849 0.000171258 -0.000839368 0.00282705 0.00735894 0.0156945 0.0280456
3.4985 0.000165374 -0.000812833 0.00274626 0.00717315 0.0153571 0.0275643
3.50851 0.000159676 -0.000787053 0.00266746 0.00699113 0.0150246 0.0270864
3.51852 0.000154158 -0.000762007 0.00259062 0.00681283 0.0146972 0.0266121
3.52853 0.000148817 -0.000737678 0.00251569 0.00663819 0.0143747 0.0261415
3.53854 0.000143646 -0.000714049 0.00244264 0.00646719 0.0140572 0.0256747
3.54855 0.000138641 -0.000691102 0.00237143 0.00629976 0.0137447 0.0252118
3.55856 0.000133797 -0.00066882 0.00230202 0.00613586 0.0134371 0.0247529
3.56857 0.000129109 -0.000647187 0.00223438 0.00597544 0.0131345 0.0242982
3.57858 0.000124573 -0.000626185 0.00216848 0.00581845 0.0128367 0.0238476
3.58859 0.000120185 -0.0006058 0.00210427 0.00566485 0.0125439 0.0234014
3.5986 0.000115939 -0.000586015 0.00204172 0.00551458 0.0122559 0.0229596
3.60861 0.000111832 -0.000566814 0.00198079 0.0053676 0.0119728 0.0225222
3.61862 0.00010786 -0.000548184 0.00192146 0.00522386 0.0116945 0.0220895
3.62863 0.000104019 -0.000530109 0.00186369 0.00508331 0.011421 0.0216613
3.63864 0.000100304 -0.000512575 0.00180744 0.0049459 0.0111522 0.0212379
3.64865 9.67122e-05 -0.000495567 0.00175268 0.00481158 0.0108882 0.0208192
3.65866 9.32397e-05 -0.000479072 0.00169939 0.0046803 0.0106289 0.0204054
3.66867 8.98828e-05 -0.000463075 0.00164752 0.00455202 0.0103743 0.0199964
3.67868 8.66382e-05 -0.000447565 0.00159705 0.00442668 0.0101243 0.0195924
3.68869 8.35023e-05 -0.000432528 0.00154794 0.00430424 0.00987891 0.0191933
3.6987 8.04718e-05 -0.000417951 0.00150017 0.00418465 0.00963808 0.0187993
3.70871 7.75436e-05 -0.000403822 0.0014537 0.00406786 0.00940176 0.0184103
3.71872 7.47144e-05 -0.000390128 0.0014085 0.00395382 0.00916993 0.0180264
3.72873 7.19813e-05 -0.000376858 0.00136456 0.00384248 0.00894253 0.0176475
3.73874 6.93411e-05 -0.000364001 0.00132183 0.00373381 0.00871952 0.0172739
3.74875 6.67911e-05 -0.000351544 0.00128029 0.00362774 0.00850086 0.0169053
3.75876 6.43285e-05 -0.000339477 0.00123991 0.00352424 0.00828651 0.016542
3.76877 6.19504e-05 -0.000327789 0.00120066 0.00342325 0.00807641 0.0161838
3.77878 5.96542e-05 -0.00031647 0.00116252 0.00332474 0.00787052 0.0158308
3.78879 5.74374e-05 -0.000305508 0.00112546 0.00322864 0.0076688 0.0154831
3.7988 5.52975e-05 -0.000294895 0.00108946 0.00313493 0.00747119 0.0151405
3.80881 5.32319e-05 -0.00028462 0.00105449 0.00304355 0.00727765 0.0148031
3.81882 5.12383e-05 -0.000274673 0.00102052 0.00295446 0.00708812 0.014471
3.82883 4.93145e-05 -0.000265045 0.000987529 0.00286762 0.00690256 0.014144
3.83884 4.74581e-05 -0.000255728 0.000955495 0.00278297 0.00672091 0.0138222
3.84885 4.5667e-05 -0.000246711 0.000924393 0.00270049 0.00654312 0.0135056
3.85886 4.39391e-05 -0.000237987 0.000894201 0.00262011 0.00636914 0.0131942
3.86887 4.22724e-05 -0.000229547 0.000864894 0.00254181 0.00619893 0.0128879
3.87888 4.06648e-05 -0.000221382 0.000836451 0.00246554 0.00603242 0.0125867
3.88889 3.91144e-05 -0.000213485 0.00080885 0.00239125 0.00586956 0.0122906
3.8989 3.76193e-05 -0.000205847 0.000782069 0.00231891 0.00571031 0.0119996
3.90891 3.61777e-05 -0.000198461 0.000756088 0.00224848 0.0055546 0.0117137
3.91892 3.47879e-05 -0.00019132 0.000730885 0.00217991 0.00540239 0.0114328
3.92893 3.34481e-05 -0.000184416 0.00070644 0.00211316 0.00525361 0.0111568
3.93894 3.21567e-05 -0.000177742 0.000682735 0.00204821 0.00510823 0.0108858
3.94895 3.0912e-05 -0.000171291 0.000659748 0.001985 0.00496618 0.0106198
3.95896 2.97125e-05 -0.000165057 0.000637462 0.00192349 0.00482741 0.0103586
3.96897 2.85567e-05 -0.000159032 0.000615858 0.00186366 0.00469187 0.0101023
3.97898 2.7443e-05 -0.000153211 0.000594917 0.00180547 0.00455951 0.00985084
3.98899 2.63702e-05 -0.000147587 0.000574621 0.00174887 0.00443026 0.00960411
3.999 2.53367e-05 -0.000142154 0.000554954 0.00169383 0.00430409 0.00936211
4.00901 2.43413e-05 -0.000136906 0.000535898 0.00164032 0.00418093 0.0091248
4.01902 2.33826e-05 -0.000131838 0.000517436 0.0015883 0.00406073 0.00889212
4.02903 2.24594e-05 -0.000126944 0.000499553 0.00153774 0.00394344 0.00866403
4.03904 2.15705e-05 -0.000122218 0.000482231 0.00148859 0.00382901 0.00844048
4.04905 2.07146e-05 -0.000117656 0.000465456 0.00144084 0.00371738 0.00822143
4.05906 1.98907e-05 -0.000113251 0.000449213 0.00139445 0.00360851 0.00800682
4.06907 1.90976e-05 -0.000109 0.000433486 0.00134937 0.00350234 0.0077966
4.07908 1.83343e-05 -0.000104897 0.000418261 0.00130559 0.00339882 0.00759073
4.08909 1.75997e-05 -0.000100937 0.000403524 0.00126307 0.00329791 0.00738914
4.0991 1.68928e-05 -9.71167e-05 0.000389261 0.00122178 0.00319954 0.00719179
4.10911 1.62127e-05 -9.34305e-05 0.000375457 0.00118169 0.00310368 0.00699862
4.11912 1.55583e-05 -8.98743e-05 0.000362101 0.00114277 0.00301027 0.00680958
4.12913 1.49288e-05 -8.64441e-05 0.000349179 0.00110499 0.00291926 0.00662461
4.13914 1.43233e-05 -8.31357e-05 0.000336679 0.00106833 0.00283061 0.00644366
4.14915 1.3741e-05 -7.99452e-05 0.000324588 0.00103275 0.00274426 0.00626666
4.15916 1.3181e-05 -7.68686e-05 0.000312894 0.000998222 0.00266017 0.00609357
4.16917 1.26425e-05 -7.39023e-05 0.000301586 0.000964728 0.00257829 0.00592432
4.17918 1.21247e-05 -7.10426e-05 0.000290651 0.000932237 0.00249858 0.00575886
4.18919 1.16269e-05 -6.82859e-05 0.00028008 0.000900723 0.00242099 0.00559713
4.1992 1.11484e-05 -6.5629e-05 0.000269861 0.000870161 0.00234547 0.00543908
4.20921 1.06885e-05 -6.30683e-05 0.000259983 0.000840526 0.00227198 0.00528464
4.21922 1.02465e-05 -6.06007e-05 0.000250437 0.000811794 0.00220047 0.00513375
4.22923 9.8217e-06 -5.82231e-05 0.000241212 0.00078394 0.00213091 0.00498637
4.23924 9.41353e-06 -5.59324e-05 0.000232298 0.000756941 0.00206324 0.00484242
4.24925 9.02135e-06 -5.37257e-05 0.000223686 0.000730774 0.00199743 0.00470186
4.25926 8.64458e-06 -5.16002e-05 0.000215366 0.000705417 0.00193343 0.00456462
4.26927 8.28265e-06 -4.9553e-05 0.000207331 0.000680847 0.0018712 0.00443065
4.27928 7.93501e-06 -4.75815e-05 0.00019957 0.000657043 0.0018107 0.00429989
4.28929 7.60113e-06 -4.5683e-05 0.000192075 0.000633983 0.00175189 0.00417228
4.2993 7.2805e-06 -4.38551e-05 0.000184838 0.000611648 0.00169472 0.00404776
4.30931 6.97261e-06 -4.20953e-05 0.00017785 0.000590016 0.00163917 0.00392627
4.31932 6.67699e-06 -4.04013e-05 0.000171105 0.000569068 0.00158519 0.00380776
4.32933 6.39318e-06 -3.87706e-05 0.000164593 0.000548784 0.00153275 0.00369218
4.33934 6.12073e-06 -3.72013e-05 0.000158308 0.000529147 0.0014818 0.00357946
4.34935 5.85921e-06 -3.56909e-05 0.000152243 0.000510136 0.00143231 0.00346954
4.35936 5.6082e-06 -3.42376e-05 0.00014639 0.000491735 0.00138424 0.00336238
4.36937 5.3673e-06 -3.28392e-05 0.000140742 0.000473924 0.00133756 0.00325792
4.37938 5.13613e-06 -3.14937e-05 0.000135293 0.000456688 0.00129224 0.0031561
4.38939 4.9143e-06 -3.01994e-05 0.000130036 0.00044001 0.00124823 0.00305686
4.3994 4.70147e-06 -2.89544e-05 0.000124965 0.000423872 0.0012055 0.00296016
4.40941 4.49728e-06 -2.77569e-05 0.000120073 0.000408258 0.00116403 0.00286593
4.41942 4.3014e-06 -2.66051e-05 0.000115356 0.000393154 0.00112377 0.00277413
4.42943 4.1135e-06 -2.54974e-05 0.000110806 0.000378543 0.0010847 0.0026847
4.43944 3.93326e-06 -2.44323e-05 0.000106418 0.000364411 0.00104679 0.00259759
4.44945 3.7604e-06 -2.34081e-05 0.000102188 0.000350742 0.00100999 0.00251274
4.45946 3.59462e-06 -2.24233e-05 9.81086e-05 0.000337524 0.000974291 0.00243011
4.46947 3.43563e-06 -2.14765e-05 9.41758e-05 0.000324741 0.000939653 0.00234965
4.47948 3.28318e-06 -2.05662e-05 9.03843e-05 0.00031238 0.000906048 0.00227129
4.48949 3.13699e-06 -1.96912e-05 8.67292e-05 0.000300429 0.000873448 0.002195
4.4995 2.99682e-06 -1.885e-05 8.32058e-05 0.000288873 0.000841824 0.00212073
4.50951 2.86242e-06 -1.80415e-05 7.98095e-05 0.000277701 0.000811149 0.00204841
4.51952 2.73357e-06 -1.72643e-05 7.65358e-05 0.000266899 0.000781395 0.00197802
4.52953 2.61004e-06 -1.65172e-05 7.33804e-05 0.000256457 0.000752535 0.00190949
4.53954 2.4916e-06 -1.57992e-05 7.0339e-05 0.000246362 0.000724544 0.00184279
4.54955 2.37806e-06 -1.51091e-05 6.74077e-05 0.000236603 0.000697396 0.00177785
4.55956 2.26921e-06 -1.44458e-05 6.45823e-05 0.000227168 0.000671065 0.00171465
4.56957 2.16486e-06 -1.38083e-05 6.18591e-05 0.000218048 0.000645526 0.00165312
4.57958 2.06481e-06 -1.31956e-05 5.92344e-05 0.00020923 0.000620756 0.00159324
4.58959 1.9689e-06 -1.26066e-05 5.67044e-05 0.000200706 0.000596731 0.00153494
4.5996 1.87694e-06 -1.20405e-05 5.42657e-05 0.000192464 0.000573427 0.0014782
4.60961 1.78877e-06 -1.14962e-05 5.19148e-05 0.000184495 0.000550821 0.00142295
4.61962 1.70423e-06 -1.09731e-05 4.96484e-05 0.00017679 0.000528892 0.00136917
4.62963 1.62316e-06 -1.04701e-05 4.74633e-05 0.000169339 0.000507616 0.00131681
4.63964 1.54541e-06 -9.98646e-06 4.53564e-05 0.000162132 0.000486973 0.00126583
4.64965 1.47083e-06 -9.52138e-06 4.33245e-05 0.000155162 0.00046694 0.00121617
4.65966 1.39929e-06 -9.07408e-06 4.13648e-05 0.000148418 0.000447499 0.00116782
4.66967 1.33066e-06 -8.64381e-06 3.94743e-05 0.000141894 0.000428627 0.00112072
4.67968 1.2648e-06 -8.22984e-06 3.76503e-05 0.00013558 0.000410305 0.00107483
4.68969 1.20158e-06 -7.83147e-06 3.58901e-05 0.000129468 0.000392514 0.00103011
4.6997 1.14089e-06 -7.44802e-06 3.41909e-05 0.000123551 0.000375233 0.000986528
4.70971 1.08261e-06 -7.07882e-06 3.25503e-05 0.000117821 0.000358445 0.000944043
4.71972 1.02662e-06 -6.72324e-06 3.09657e-05 0.00011227 0.000342129 0.000902615
4.72973 9.72823e-07 -6.38065e-06 2.94347e-05 0.00010689 0.000326269 0.000862207
4.73974 9.21107e-07 -6.05046e-06 2.79549e-05 0.000101676 0.000310846 0.000822782
4.74975 8.7137e-07 -5.73208e-06 2.65241e-05 9.66184e-05 0.000295843 0.000784301
4.75976 8.23514e-07 -5.42495e-06 2.51399e-05 9.17119e-05 0.000281241 0.000746729
4.76977 7.77444e-07 -5.12851e-06 2.38001e-05 8.69491e-05 0.000267024 0.000710029
4.77978 7.33066e-07 -4.84222e-06 2.25027e-05 8.23236e-05 0.000253175 0.000674166
4.78979 6.90293e-07 -4.56557e-06 2.12455e-05 7.78288e-05 0.000239678 0.000639102
4.7998 6.49036e-07 -4.29806e-06 2.00266e-05 7.34583e-05 0.000226515 0.000604803
4.80981 6.09211e-07 -4.03918e-06 1.88438e-05 6.92059e-05 0.00021367 0.000571234
4.81982 5.70737e-07 -3.78845e-06 1.76952e-05 6.50653e-05 0.000201129 0.000538359
4.82983 5.33533e-07 -3.54541e-06 1.65789e-05 6.10305e-05 0.000188874 0.000506144
4.83984 4.97521e-07 -3.3096e-06 1.54931e-05 5.70955e-05 0.00017689 0.000474554
4.84985 4.62627e-07 -3.08057e-06 1.44359e-05 5.32545e-05 0.000165162 0.000443554
4.85986 4.28776e-07 -2.85787e-06 1.34055e-05 4.95017e-05 0.000153674 0.000413112
4.86987 3.95896e-07 -2.64109e-06 1.24001e-05 4.58312e-05 0.000142411 0.000383191
4.87988 3.63916e-07 -2.42979e-06 1.14179e-05 4.22375e-05 0.000131358 0.000353759
4.88989 3.32768e-07 -2.22356e-06 1.04573e-05 3.8715e-05 0.0001205 0.000324781
4.8999 3.02383e-07 -2.022e-06 9.51647e-06 3.52581e-05 0.000109823 0.000296223
4.90991 2.72694e-07 -1.82469e-06 8.59376e-06 3.18612e-05 9.931e-05 0.000268051
4.91992 2.43637e-07 -1.63125e-06 7.68751e-06 2.8519e-05 8.89476e-05 0.000240232
4.92993 2.15145e-07 -1.44127e-06 6.79604e-06 2.52259e-05 7.87208e-05 0.00021273
4.93994 1.87156e-07 -1.25438e-06 5.91772e-06 2.19765e-05 6.86147e-05 0.000185512
4.94995 1.59605e-07 -1.07017e-06 5.0509e-06 1.87655e-05 5.86144e-05 0.000158542
4.95996 1.3243e-07 -8.88279e-07 4.19395e-06 1.55874e-05 4.87052e-05 0.000131788
4.96997 1.05568e-07 -7.08308e-07 3.34524e-06 1.24367e-05 3.88722e-05 0.000105213
4.97998 7.89562e-08 -5.29878e-07 2.50313e-06 9.30814e-06 2.91003e-05 7.87821e-05
4.98999 5.25327e-08 -3.52606e-07 1.66598e-06 6.19616e-06 1.93744e-05 5.24604e-05
5 2.62348e-08 -1.76109e-07 8.32157e-07 3.09529e-06 9.67946e-06 2.62118e-05
