<<<<<<< HEAD
0 100 
0.1 96 
0.2 92.16 
0.3 88.4736 
0.4 84.9347 
0.5 81.5373 
0.6 78.2758 
0.7 75.1447 
0.8 72.139 
0.9 69.2534 
1 66.4833 
1.1 63.8239 
1.2 61.271 
1.3 58.8201 
1.4 56.4673 
1.5 54.2086 
1.6 52.0403 
1.7 49.9587 
1.8 47.9603 
1.9 46.0419 
2 44.2002 
2.1 42.4322 
2.2 40.7349 
2.3 39.1055 
2.4 37.5413 
2.5 36.0397 
2.6 34.5981 
2.7 33.2142 
2.8 31.8856 
2.9 30.6102 
3 29.3858 
3.1 28.2103 
3.2 27.0819 
3.3 25.9986 
3.4 24.9587 
3.5 23.9603 
3.6 23.0019 
3.7 22.0819 
3.8 21.1986 
3.9 20.3506 
4 19.5366 
4.1 18.7552 
4.2 18.0049 
4.3 17.2847 
4.4 16.5934 
4.5 15.9296 
4.6 15.2924 
4.7 14.6807 
4.8 14.0935 
4.9 13.5298 
5 12.9886 
5.1 12.469 
5.2 11.9703 
5.3 11.4915 
5.4 11.0318 
5.5 10.5905 
5.6 10.1669 
5.7 9.76024 
5.8 9.36983 
5.9 8.99503 
6 8.63523 
6.1 8.28982 
6.2 7.95823 
6.3 7.6399 
6.4 7.3343 
6.5 7.04093 
6.6 6.75929 
6.7 6.48892 
6.8 6.22937 
6.9 5.98019 
7 5.74098 
7.1 5.51134 
7.2 5.29089 
7.3 5.07925 
7.4 4.87608 
7.5 4.68104 
7.6 4.4938 
7.7 4.31405 
7.8 4.14149 
7.9 3.97583 
8 3.81679 
8.1 3.66412 
8.2 3.51756 
8.3 3.37685 
8.4 3.24178 
8.5 3.11211 
8.6 2.98762 
8.7 2.86812 
8.8 2.75339 
8.9 2.64326 
9 2.53753 
9.1 2.43603 
9.2 2.33859 
9.3 2.24504 
9.4 2.15524 
9.5 2.06903 
9.6 1.98627 
9.7 1.90682 
9.8 1.83055 
9.9 1.75732 
10 1.68703 
10.1 1.61955 
10.2 1.55477 
10.3 1.49258 
10.4 1.43287 
10.5 1.37556 
10.6 1.32054 
10.7 1.26772 
10.8 1.21701 
10.9 1.16833 
11 1.12159 
11.1 1.07673 
11.2 1.03366 
11.3 0.992314 
11.4 0.952622 
11.5 0.914517 
11.6 0.877936 
11.7 0.842819 
11.8 0.809106 
11.9 0.776742 
12 0.745672 
12.1 0.715845 
12.2 0.687212 
12.3 0.659723 
12.4 0.633334 
12.5 0.608001 
12.6 0.583681 
12.7 0.560334 
12.8 0.53792 
12.9 0.516403 
13 0.495747 
13.1 0.475917 
13.2 0.456881 
13.3 0.438605 
13.4 0.421061 
13.5 0.404219 
13.6 0.38805 
13.7 0.372528 
13.8 0.357627 
13.9 0.343322 
14 0.329589 
14.1 0.316405 
14.2 0.303749 
14.3 0.291599 
14.4 0.279935 
14.5 0.268738 
14.6 0.257988 
14.7 0.247669 
14.8 0.237762 
14.9 0.228252 
15 0.219121 
=======
0 17 
0.01 16.762 
0.02 16.5273 
0.03 16.2959 
0.04 16.0678 
0.05 15.8429 
0.06 15.6211 
0.07 15.4024 
0.08 15.1867 
0.09 14.9741 
0.1 14.7645 
0.11 14.5578 
0.12 14.354 
0.13 14.153 
0.14 13.9549 
0.15 13.7595 
0.16 13.5669 
0.17 13.3769 
0.18 13.1897 
0.19 13.005 
0.2 12.8229 
0.21 12.6434 
0.22 12.4664 
0.23 12.2919 
0.24 12.1198 
0.25 11.9501 
0.26 11.7828 
0.27 11.6178 
0.28 11.4552 
0.29 11.2948 
0.3 11.1367 
0.31 10.9808 
0.32 10.8271 
0.33 10.6755 
0.34 10.526 
0.35 10.3787 
0.36 10.2334 
0.37 10.0901 
0.38 9.94882 
0.39 9.80954 
0.4 9.67221 
0.41 9.53679 
0.42 9.40328 
0.43 9.27163 
0.44 9.14183 
0.45 9.01385 
0.46 8.88765 
0.47 8.76322 
0.48 8.64054 
0.49 8.51957 
0.5 8.4003 
0.51 8.28269 
0.52 8.16674 
0.53 8.0524 
0.54 7.93967 
0.55 7.82851 
0.56 7.71891 
0.57 7.61085 
0.58 7.5043 
0.59 7.39924 
0.6 7.29565 
0.61 7.19351 
0.62 7.0928 
0.63 6.9935 
0.64 6.89559 
0.65 6.79905 
0.66 6.70387 
0.67 6.61001 
0.68 6.51747 
0.69 6.42623 
0.7 6.33626 
0.71 6.24755 
0.72 6.16009 
0.73 6.07385 
0.74 5.98881 
0.75 5.90497 
0.76 5.8223 
0.77 5.74079 
0.78 5.66042 
0.79 5.58117 
0.8 5.50303 
0.81 5.42599 
0.82 5.35003 
0.83 5.27513 
0.84 5.20127 
0.85 5.12846 
0.86 5.05666 
0.87 4.98587 
0.88 4.91606 
0.89 4.84724 
0.9 4.77938 
0.91 4.71247 
0.92 4.64649 
0.93 4.58144 
0.94 4.5173 
0.95 4.45406 
0.96 4.3917 
0.97 4.33022 
0.98 4.26959 
0.99 4.20982 
1 4.15088 
1.01 4.09277 
1.02 4.03547 
1.03 3.97897 
1.04 3.92327 
1.05 3.86834 
1.06 3.81419 
1.07 3.76079 
1.08 3.70814 
1.09 3.65622 
1.1 3.60504 
1.11 3.55457 
1.12 3.5048 
1.13 3.45573 
1.14 3.40735 
1.15 3.35965 
1.16 3.31262 
1.17 3.26624 
1.18 3.22051 
1.19 3.17542 
1.2 3.13097 
1.21 3.08714 
1.22 3.04392 
1.23 3.0013 
1.24 2.95928 
1.25 2.91785 
1.26 2.877 
1.27 2.83672 
1.28 2.79701 
1.29 2.75785 
1.3 2.71924 
1.31 2.68117 
1.32 2.64364 
1.33 2.60663 
1.34 2.57013 
1.35 2.53415 
1.36 2.49867 
1.37 2.46369 
1.38 2.4292 
1.39 2.39519 
1.4 2.36166 
1.41 2.32859 
1.42 2.29599 
1.43 2.26385 
1.44 2.23216 
1.45 2.20091 
1.46 2.17009 
1.47 2.13971 
1.48 2.10976 
1.49 2.08022 
1.5 2.0511 
1.51 2.02238 
1.52 1.99407 
1.53 1.96615 
1.54 1.93863 
1.55 1.91148 
1.56 1.88472 
1.57 1.85834 
1.58 1.83232 
1.59 1.80667 
1.6 1.78137 
1.61 1.75644 
1.62 1.73185 
1.63 1.7076 
1.64 1.68369 
1.65 1.66012 
1.66 1.63688 
1.67 1.61396 
1.68 1.59137 
1.69 1.56909 
1.7 1.54712 
1.71 1.52546 
1.72 1.50411 
1.73 1.48305 
1.74 1.46229 
1.75 1.44181 
1.76 1.42163 
1.77 1.40173 
1.78 1.3821 
1.79 1.36275 
1.8 1.34367 
1.81 1.32486 
1.82 1.30631 
1.83 1.28803 
1.84 1.26999 
1.85 1.25221 
1.86 1.23468 
1.87 1.2174 
1.88 1.20035 
1.89 1.18355 
1.9 1.16698 
1.91 1.15064 
1.92 1.13453 
1.93 1.11865 
1.94 1.10299 
1.95 1.08755 
1.96 1.07232 
1.97 1.05731 
1.98 1.0425 
1.99 1.02791 
2 1.01352 
2.01 0.99933 
2.02 0.985339 
2.03 0.971544 
2.04 0.957943 
2.05 0.944532 
2.06 0.931308 
2.07 0.91827 
2.08 0.905414 
2.09 0.892738 
2.1 0.88024 
2.11 0.867917 
2.12 0.855766 
2.13 0.843785 
2.14 0.831972 
2.15 0.820324 
2.16 0.80884 
2.17 0.797516 
2.18 0.786351 
2.19 0.775342 
2.2 0.764487 
2.21 0.753784 
2.22 0.743231 
2.23 0.732826 
2.24 0.722567 
2.25 0.712451 
2.26 0.702476 
2.27 0.692642 
2.28 0.682945 
2.29 0.673383 
2.3 0.663956 
2.31 0.654661 
2.32 0.645495 
2.33 0.636459 
2.34 0.627548 
2.35 0.618762 
2.36 0.6101 
2.37 0.601558 
2.38 0.593137 
2.39 0.584833 
2.4 0.576645 
2.41 0.568572 
2.42 0.560612 
2.43 0.552763 
2.44 0.545025 
2.45 0.537394 
2.46 0.529871 
2.47 0.522453 
2.48 0.515138 
2.49 0.507926 
2.5 0.500815 
2.51 0.493804 
2.52 0.486891 
2.53 0.480074 
2.54 0.473353 
2.55 0.466726 
2.56 0.460192 
2.57 0.453749 
2.58 0.447397 
2.59 0.441133 
2.6 0.434957 
2.61 0.428868 
2.62 0.422864 
2.63 0.416944 
2.64 0.411107 
2.65 0.405351 
2.66 0.399676 
2.67 0.394081 
2.68 0.388564 
2.69 0.383124 
2.7 0.37776 
2.71 0.372471 
2.72 0.367257 
2.73 0.362115 
2.74 0.357046 
2.75 0.352047 
2.76 0.347118 
2.77 0.342259 
2.78 0.337467 
2.79 0.332742 
2.8 0.328084 
2.81 0.323491 
2.82 0.318962 
2.83 0.314497 
2.84 0.310094 
2.85 0.305752 
2.86 0.301472 
2.87 0.297251 
2.88 0.29309 
2.89 0.288986 
2.9 0.284941 
2.91 0.280951 
2.92 0.277018 
2.93 0.27314 
2.94 0.269316 
2.95 0.265545 
2.96 0.261828 
2.97 0.258162 
2.98 0.254548 
2.99 0.250984 
3 0.24747 
3.01 0.244006 
3.02 0.24059 
3.03 0.237222 
3.04 0.2339 
3.05 0.230626 
3.06 0.227397 
3.07 0.224214 
3.08 0.221075 
3.09 0.217979 
3.1 0.214928 
3.11 0.211919 
3.12 0.208952 
3.13 0.206027 
3.14 0.203142 
3.15 0.200298 
3.16 0.197494 
3.17 0.194729 
3.18 0.192003 
3.19 0.189315 
3.2 0.186664 
3.21 0.184051 
3.22 0.181474 
3.23 0.178934 
3.24 0.176429 
3.25 0.173959 
3.26 0.171523 
3.27 0.169122 
3.28 0.166754 
3.29 0.16442 
3.3 0.162118 
3.31 0.159848 
3.32 0.15761 
3.33 0.155404 
3.34 0.153228 
3.35 0.151083 
3.36 0.148968 
3.37 0.146882 
3.38 0.144826 
3.39 0.142798 
3.4 0.140799 
3.41 0.138828 
3.42 0.136884 
3.43 0.134968 
3.44 0.133078 
3.45 0.131215 
3.46 0.129378 
3.47 0.127567 
3.48 0.125781 
3.49 0.12402 
3.5 0.122284 
3.51 0.120572 
3.52 0.118884 
3.53 0.11722 
3.54 0.115578 
3.55 0.11396 
3.56 0.112365 
3.57 0.110792 
3.58 0.109241 
3.59 0.107711 
3.6 0.106203 
3.61 0.104717 
3.62 0.10325 
3.63 0.101805 
3.64 0.10038 
3.65 0.0989744 
3.66 0.0975888 
3.67 0.0962225 
3.68 0.0948754 
3.69 0.0935471 
3.7 0.0922375 
3.71 0.0909462 
3.72 0.0896729 
3.73 0.0884175 
3.74 0.0871796 
3.75 0.0859591 
3.76 0.0847557 
3.77 0.0835691 
3.78 0.0823992 
3.79 0.0812456 
3.8 0.0801081 
3.81 0.0789866 
3.82 0.0778808 
3.83 0.0767905 
3.84 0.0757154 
3.85 0.0746554 
3.86 0.0736102 
3.87 0.0725797 
3.88 0.0715636 
3.89 0.0705617 
3.9 0.0695738 
3.91 0.0685998 
3.92 0.0676394 
3.93 0.0666924 
3.94 0.0657587 
3.95 0.0648381 
3.96 0.0639304 
3.97 0.0630353 
3.98 0.0621529 
3.99 0.0612827 
4 0.0604248 
4.01 0.0595788 
4.02 0.0587447 
4.03 0.0579223 
4.04 0.0571114 
4.05 0.0563118 
4.06 0.0555234 
4.07 0.0547461 
4.08 0.0539797 
4.09 0.053224 
4.1 0.0524788 
4.11 0.0517441 
4.12 0.0510197 
4.13 0.0503054 
4.14 0.0496011 
4.15 0.0489067 
4.16 0.048222 
4.17 0.0475469 
4.18 0.0468813 
4.19 0.0462249 
4.2 0.0455778 
4.21 0.0449397 
4.22 0.0443105 
4.23 0.0436902 
4.24 0.0430785 
4.25 0.0424754 
4.26 0.0418808 
4.27 0.0412944 
4.28 0.0407163 
4.29 0.0401463 
4.3 0.0395842 
4.31 0.0390301 
4.32 0.0384836 
4.33 0.0379449 
4.34 0.0374136 
4.35 0.0368899 
4.36 0.0363734 
4.37 0.0358642 
4.38 0.0353621 
4.39 0.034867 
4.4 0.0343789 
4.41 0.0338976 
4.42 0.033423 
4.43 0.0329551 
4.44 0.0324937 
4.45 0.0320388 
4.46 0.0315902 
4.47 0.031148 
4.48 0.0307119 
4.49 0.0302819 
4.5 0.029858 
4.51 0.02944 
4.52 0.0290278 
4.53 0.0286214 
4.54 0.0282207 
4.55 0.0278256 
4.56 0.0274361 
4.57 0.027052 
4.58 0.0266733 
4.59 0.0262998 
4.6 0.0259316 
4.61 0.0255686 
4.62 0.0252106 
4.63 0.0248577 
4.64 0.0245097 
4.65 0.0241665 
4.66 0.0238282 
4.67 0.0234946 
4.68 0.0231657 
4.69 0.0228414 
4.7 0.0225216 
4.71 0.0222063 
4.72 0.0218954 
4.73 0.0215889 
4.74 0.0212866 
4.75 0.0209886 
4.76 0.0206948 
4.77 0.020405 
4.78 0.0201194 
4.79 0.0198377 
4.8 0.01956 
4.81 0.0192861 
4.82 0.0190161 
4.83 0.0187499 
4.84 0.0184874 
4.85 0.0182286 
4.86 0.0179734 
4.87 0.0177217 
4.88 0.0174736 
4.89 0.017229 
4.9 0.0169878 
4.91 0.01675 
4.92 0.0165155 
4.93 0.0162843 
4.94 0.0160563 
4.95 0.0158315 
4.96 0.0156099 
4.97 0.0153913 
4.98 0.0151758 
4.99 0.0149634 
5 0.0147539 
5.01 0.0145473 
5.02 0.0143437 
5.03 0.0141429 
5.04 0.0139449 
5.05 0.0137496 
5.06 0.0135571 
5.07 0.0133673 
5.08 0.0131802 
5.09 0.0129957 
5.1 0.0128137 
5.11 0.0126343 
5.12 0.0124575 
5.13 0.0122831 
5.14 0.0121111 
5.15 0.0119415 
5.16 0.0117744 
5.17 0.0116095 
5.18 0.011447 
5.19 0.0112867 
5.2 0.0111287 
5.21 0.0109729 
5.22 0.0108193 
5.23 0.0106678 
5.24 0.0105185 
5.25 0.0103712 
5.26 0.010226 
5.27 0.0100828 
5.28 0.00994169 
5.29 0.0098025 
5.3 0.00966527 
5.31 0.00952995 
5.32 0.00939653 
5.33 0.00926498 
5.34 0.00913527 
5.35 0.00900738 
5.36 0.00888128 
5.37 0.00875694 
5.38 0.00863434 
5.39 0.00851346 
5.4 0.00839427 
5.41 0.00827675 
5.42 0.00816088 
5.43 0.00804662 
5.44 0.00793397 
5.45 0.0078229 
5.46 0.00771338 
5.47 0.00760539 
5.48 0.00749891 
5.49 0.00739393 
5.5 0.00729041 
5.51 0.00718835 
5.52 0.00708771 
5.53 0.00698848 
5.54 0.00689064 
5.55 0.00679417 
5.56 0.00669906 
5.57 0.00660527 
5.58 0.0065128 
5.59 0.00642162 
5.6 0.00633171 
5.61 0.00624307 
5.62 0.00615567 
5.63 0.00606949 
5.64 0.00598451 
5.65 0.00590073 
5.66 0.00581812 
5.67 0.00573667 
5.68 0.00565635 
5.69 0.00557717 
5.7 0.00549909 
5.71 0.0054221 
5.72 0.00534619 
5.73 0.00527134 
5.74 0.00519754 
5.75 0.00512478 
5.76 0.00505303 
5.77 0.00498229 
5.78 0.00491254 
5.79 0.00484376 
5.8 0.00477595 
5.81 0.00470908 
5.82 0.00464316 
5.83 0.00457815 
5.84 0.00451406 
5.85 0.00445086 
5.86 0.00438855 
5.87 0.00432711 
5.88 0.00426653 
5.89 0.0042068 
5.9 0.0041479 
5.91 0.00408983 
5.92 0.00403258 
5.93 0.00397612 
5.94 0.00392045 
5.95 0.00386557 
5.96 0.00381145 
5.97 0.00375809 
5.98 0.00370548 
5.99 0.0036536 
6 0.00360245 
6.01 0.00355202 
6.02 0.00350229 
6.03 0.00345325 
6.04 0.00340491 
6.05 0.00335724 
6.06 0.00331024 
6.07 0.0032639 
6.08 0.0032182 
6.09 0.00317315 
6.1 0.00312872 
6.11 0.00308492 
6.12 0.00304173 
6.13 0.00299915 
6.14 0.00295716 
6.15 0.00291576 
6.16 0.00287494 
6.17 0.00283469 
6.18 0.002795 
6.19 0.00275587 
6.2 0.00271729 
6.21 0.00267925 
6.22 0.00264174 
6.23 0.00260476 
6.24 0.00256829 
6.25 0.00253233 
6.26 0.00249688 
6.27 0.00246192 
6.28 0.00242746 
6.29 0.00239347 
6.3 0.00235996 
6.31 0.00232692 
6.32 0.00229435 
6.33 0.00226223 
6.34 0.00223056 
6.35 0.00219933 
6.36 0.00216854 
6.37 0.00213818 
6.38 0.00210824 
6.39 0.00207873 
6.4 0.00204963 
6.41 0.00202093 
6.42 0.00199264 
6.43 0.00196474 
6.44 0.00193723 
6.45 0.00191011 
6.46 0.00188337 
6.47 0.001857 
6.48 0.00183101 
6.49 0.00180537 
6.5 0.0017801 
6.51 0.00175518 
6.52 0.0017306 
6.53 0.00170637 
6.54 0.00168249 
6.55 0.00165893 
6.56 0.00163571 
6.57 0.00161281 
6.58 0.00159023 
6.59 0.00156796 
6.6 0.00154601 
6.61 0.00152437 
6.62 0.00150303 
6.63 0.00148198 
6.64 0.00146124 
6.65 0.00144078 
6.66 0.00142061 
6.67 0.00140072 
6.68 0.00138111 
6.69 0.00136177 
6.7 0.00134271 
6.71 0.00132391 
6.72 0.00130538 
6.73 0.0012871 
6.74 0.00126908 
6.75 0.00125131 
6.76 0.0012338 
6.77 0.00121652 
6.78 0.00119949 
6.79 0.0011827 
6.8 0.00116614 
6.81 0.00114982 
6.82 0.00113372 
6.83 0.00111785 
6.84 0.0011022 
6.85 0.00108677 
6.86 0.00107155 
6.87 0.00105655 
6.88 0.00104176 
6.89 0.00102717 
6.9 0.00101279 
6.91 0.000998613 
6.92 0.000984632 
6.93 0.000970847 
6.94 0.000957256 
6.95 0.000943854 
6.96 0.00093064 
6.97 0.000917611 
6.98 0.000904764 
6.99 0.000892098 
7 0.000879608 
7.01 0.000867294 
7.02 0.000855152 
7.03 0.00084318 
7.04 0.000831375 
7.05 0.000819736 
7.06 0.00080826 
7.07 0.000796944 
7.08 0.000785787 
7.09 0.000774786 
7.1 0.000763939 
7.11 0.000753244 
7.12 0.000742698 
7.13 0.0007323 
7.14 0.000722048 
7.15 0.00071194 
7.16 0.000701972 
7.17 0.000692145 
7.18 0.000682455 
7.19 0.0006729 
7.2 0.00066348 
7.21 0.000654191 
7.22 0.000645032 
7.23 0.000636002 
7.24 0.000627098 
7.25 0.000618319 
7.26 0.000609662 
7.27 0.000601127 
7.28 0.000592711 
7.29 0.000584413 
7.3 0.000576231 
7.31 0.000568164 
7.32 0.00056021 
7.33 0.000552367 
7.34 0.000544634 
7.35 0.000537009 
7.36 0.000529491 
7.37 0.000522078 
7.38 0.000514769 
7.39 0.000507562 
7.4 0.000500456 
7.41 0.00049345 
7.42 0.000486541 
7.43 0.00047973 
7.44 0.000473014 
7.45 0.000466391 
7.46 0.000459862 
7.47 0.000453424 
7.48 0.000447076 
7.49 0.000440817 
7.5 0.000434645 
7.51 0.00042856 
7.52 0.000422561 
7.53 0.000416645 
7.54 0.000410812 
7.55 0.00040506 
7.56 0.000399389 
7.57 0.000393798 
7.58 0.000388285 
7.59 0.000382849 
7.6 0.000377489 
7.61 0.000372204 
7.62 0.000366993 
7.63 0.000361855 
7.64 0.000356789 
7.65 0.000351794 
7.66 0.000346869 
7.67 0.000342013 
7.68 0.000337225 
7.69 0.000332504 
7.7 0.000327849 
7.71 0.000323259 
7.72 0.000318733 
7.73 0.000314271 
7.74 0.000309871 
7.75 0.000305533 
7.76 0.000301255 
7.77 0.000297038 
7.78 0.000292879 
7.79 0.000288779 
7.8 0.000284736 
7.81 0.00028075 
7.82 0.000276819 
7.83 0.000272944 
7.84 0.000269123 
7.85 0.000265355 
7.86 0.00026164 
7.87 0.000257977 
7.88 0.000254365 
7.89 0.000250804 
7.9 0.000247293 
7.91 0.000243831 
7.92 0.000240417 
7.93 0.000237051 
7.94 0.000233733 
7.95 0.00023046 
7.96 0.000227234 
7.97 0.000224053 
7.98 0.000220916 
7.99 0.000217823 
8 0.000214774 
8.01 0.000211767 
8.02 0.000208802 
8.03 0.000205879 
8.04 0.000202996 
8.05 0.000200155 
8.06 0.000197352 
8.07 0.000194589 
8.08 0.000191865 
8.09 0.000189179 
8.1 0.000186531 
8.11 0.000183919 
8.12 0.000181344 
8.13 0.000178805 
8.14 0.000176302 
8.15 0.000173834 
8.16 0.0001714 
8.17 0.000169001 
8.18 0.000166635 
8.19 0.000164302 
8.2 0.000162002 
8.21 0.000159734 
8.22 0.000157497 
8.23 0.000155292 
8.24 0.000153118 
8.25 0.000150975 
8.26 0.000148861 
8.27 0.000146777 
8.28 0.000144722 
8.29 0.000142696 
8.3 0.000140698 
8.31 0.000138728 
8.32 0.000136786 
8.33 0.000134871 
8.34 0.000132983 
8.35 0.000131121 
8.36 0.000129285 
8.37 0.000127476 
8.38 0.000125691 
8.39 0.000123931 
8.4 0.000122196 
8.41 0.000120485 
8.42 0.000118799 
8.43 0.000117135 
8.44 0.000115496 
8.45 0.000113879 
8.46 0.000112284 
8.47 0.000110712 
8.48 0.000109162 
8.49 0.000107634 
8.5 0.000106127 
8.51 0.000104641 
8.52 0.000103176 
8.53 0.000101732 
8.54 0.000100308 
8.55 9.89034e-05 
8.56 9.75187e-05 
8.57 9.61535e-05 
8.58 9.48073e-05 
8.59 9.348e-05 
8.6 9.21713e-05 
8.61 9.08809e-05 
8.62 8.96086e-05 
8.63 8.83541e-05 
8.64 8.71171e-05 
8.65 8.58975e-05 
8.66 8.46949e-05 
8.67 8.35092e-05 
8.68 8.234e-05 
8.69 8.11873e-05 
8.7 8.00507e-05 
8.71 7.893e-05 
8.72 7.78249e-05 
8.73 7.67354e-05 
8.74 7.56611e-05 
8.75 7.46018e-05 
8.76 7.35574e-05 
8.77 7.25276e-05 
8.78 7.15122e-05 
8.79 7.0511e-05 
8.8 6.95239e-05 
8.81 6.85506e-05 
8.82 6.75908e-05 
8.83 6.66446e-05 
8.84 6.57116e-05 
8.85 6.47916e-05 
8.86 6.38845e-05 
8.87 6.29901e-05 
8.88 6.21083e-05 
8.89 6.12387e-05 
8.9 6.03814e-05 
8.91 5.95361e-05 
8.92 5.87026e-05 
8.93 5.78807e-05 
8.94 5.70704e-05 
8.95 5.62714e-05 
8.96 5.54836e-05 
8.97 5.47068e-05 
8.98 5.39409e-05 
8.99 5.31858e-05 
9 5.24412e-05 
9.01 5.1707e-05 
9.02 5.09831e-05 
9.03 5.02693e-05 
9.04 4.95656e-05 
9.05 4.88716e-05 
9.06 4.81874e-05 
9.07 4.75128e-05 
9.08 4.68476e-05 
9.09 4.61918e-05 
9.1 4.55451e-05 
9.11 4.49075e-05 
9.12 4.42787e-05 
9.13 4.36588e-05 
9.14 4.30476e-05 
9.15 4.2445e-05 
9.16 4.18507e-05 
9.17 4.12648e-05 
9.18 4.06871e-05 
9.19 4.01175e-05 
9.2 3.95558e-05 
9.21 3.90021e-05 
9.22 3.8456e-05 
9.23 3.79176e-05 
9.24 3.73868e-05 
9.25 3.68634e-05 
9.26 3.63473e-05 
9.27 3.58384e-05 
9.28 3.53367e-05 
9.29 3.4842e-05 
9.3 3.43542e-05 
9.31 3.38732e-05 
9.32 3.3399e-05 
9.33 3.29314e-05 
9.34 3.24704e-05 
9.35 3.20158e-05 
9.36 3.15676e-05 
9.37 3.11256e-05 
9.38 3.06899e-05 
9.39 3.02602e-05 
9.4 2.98366e-05 
9.41 2.94189e-05 
9.42 2.9007e-05 
9.43 2.86009e-05 
9.44 2.82005e-05 
9.45 2.78057e-05 
9.46 2.74164e-05 
9.47 2.70326e-05 
9.48 2.66541e-05 
9.49 2.6281e-05 
9.5 2.5913e-05 
9.51 2.55502e-05 
9.52 2.51925e-05 
9.53 2.48398e-05 
9.54 2.44921e-05 
9.55 2.41492e-05 
9.56 2.38111e-05 
9.57 2.34778e-05 
9.58 2.31491e-05 
9.59 2.2825e-05 
9.6 2.25054e-05 
9.61 2.21904e-05 
9.62 2.18797e-05 
9.63 2.15734e-05 
9.64 2.12713e-05 
9.65 2.09735e-05 
9.66 2.06799e-05 
9.67 2.03904e-05 
9.68 2.01049e-05 
9.69 1.98235e-05 
9.7 1.95459e-05 
9.71 1.92723e-05 
9.72 1.90025e-05 
9.73 1.87364e-05 
9.74 1.84741e-05 
9.75 1.82155e-05 
9.76 1.79605e-05 
9.77 1.7709e-05 
9.78 1.74611e-05 
9.79 1.72166e-05 
9.8 1.69756e-05 
9.81 1.6738e-05 
9.82 1.65036e-05 
9.83 1.62726e-05 
9.84 1.60448e-05 
9.85 1.58201e-05 
9.86 1.55987e-05 
9.87 1.53803e-05 
9.88 1.51649e-05 
9.89 1.49526e-05 
9.9 1.47433e-05 
9.91 1.45369e-05 
9.92 1.43334e-05 
9.93 1.41327e-05 
9.94 1.39349e-05 
9.95 1.37398e-05 
9.96 1.35474e-05 
9.97 1.33577e-05 
9.98 1.31707e-05 
9.99 1.29863e-05 
10 1.28045e-05 
10.01 1.26253e-05 
10.02 1.24485e-05 
10.03 1.22742e-05 
10.04 1.21024e-05 
10.05 1.1933e-05 
10.06 1.17659e-05 
10.07 1.16012e-05 
10.08 1.14388e-05 
10.09 1.12786e-05 
10.1 1.11207e-05 
10.11 1.0965e-05 
10.12 1.08115e-05 
10.13 1.06602e-05 
10.14 1.05109e-05 
10.15 1.03638e-05 
10.16 1.02187e-05 
10.17 1.00756e-05 
10.18 9.93455e-06 
10.19 9.79547e-06 
10.2 9.65833e-06 
10.21 9.52312e-06 
10.22 9.38979e-06 
10.23 9.25834e-06 
10.24 9.12872e-06 
10.25 9.00092e-06 
10.26 8.8749e-06 
10.27 8.75066e-06 
10.28 8.62815e-06 
10.29 8.50735e-06 
10.3 8.38825e-06 
10.31 8.27081e-06 
10.32 8.15502e-06 
10.33 8.04085e-06 
10.34 7.92828e-06 
10.35 7.81728e-06 
10.36 7.70784e-06 
10.37 7.59993e-06 
10.38 7.49353e-06 
10.39 7.38862e-06 
10.4 7.28518e-06 
10.41 7.18319e-06 
10.42 7.08263e-06 
10.43 6.98347e-06 
10.44 6.8857e-06 
10.45 6.7893e-06 
10.46 6.69425e-06 
10.47 6.60053e-06 
10.48 6.50812e-06 
10.49 6.41701e-06 
10.5 6.32717e-06 
10.51 6.23859e-06 
10.52 6.15125e-06 
10.53 6.06513e-06 
10.54 5.98022e-06 
10.55 5.8965e-06 
10.56 5.81395e-06 
10.57 5.73255e-06 
10.58 5.6523e-06 
10.59 5.57316e-06 
10.6 5.49514e-06 
10.61 5.41821e-06 
10.62 5.34235e-06 
10.63 5.26756e-06 
10.64 5.19381e-06 
10.65 5.1211e-06 
10.66 5.04941e-06 
10.67 4.97871e-06 
10.68 4.90901e-06 
10.69 4.84029e-06 
10.7 4.77252e-06 
10.71 4.70571e-06 
10.72 4.63983e-06 
10.73 4.57487e-06 
10.74 4.51082e-06 
10.75 4.44767e-06 
10.76 4.3854e-06 
10.77 4.32401e-06 
10.78 4.26347e-06 
10.79 4.20378e-06 
10.8 4.14493e-06 
10.81 4.0869e-06 
10.82 4.02968e-06 
10.83 3.97327e-06 
10.84 3.91764e-06 
10.85 3.86279e-06 
10.86 3.80872e-06 
10.87 3.75539e-06 
10.88 3.70282e-06 
10.89 3.65098e-06 
10.9 3.59986e-06 
10.91 3.54947e-06 
10.92 3.49977e-06 
10.93 3.45078e-06 
10.94 3.40247e-06 
10.95 3.35483e-06 
10.96 3.30786e-06 
10.97 3.26155e-06 
10.98 3.21589e-06 
10.99 3.17087e-06 
11 3.12648e-06 
11.01 3.08271e-06 
11.02 3.03955e-06 
11.03 2.997e-06 
11.04 2.95504e-06 
11.05 2.91367e-06 
11.06 2.87288e-06 
11.07 2.83266e-06 
11.08 2.793e-06 
11.09 2.7539e-06 
11.1 2.71534e-06 
11.11 2.67733e-06 
11.12 2.63984e-06 
11.13 2.60289e-06 
11.14 2.56645e-06 
11.15 2.53052e-06 
11.16 2.49509e-06 
11.17 2.46016e-06 
11.18 2.42572e-06 
11.19 2.39176e-06 
11.2 2.35827e-06 
11.21 2.32525e-06 
11.22 2.2927e-06 
11.23 2.2606e-06 
11.24 2.22896e-06 
11.25 2.19775e-06 
11.26 2.16698e-06 
11.27 2.13664e-06 
11.28 2.10673e-06 
11.29 2.07724e-06 
11.3 2.04815e-06 
11.31 2.01948e-06 
11.32 1.99121e-06 
11.33 1.96333e-06 
11.34 1.93584e-06 
11.35 1.90874e-06 
11.36 1.88202e-06 
11.37 1.85567e-06 
11.38 1.82969e-06 
11.39 1.80408e-06 
11.4 1.77882e-06 
11.41 1.75392e-06 
11.42 1.72936e-06 
11.43 1.70515e-06 
11.44 1.68128e-06 
11.45 1.65774e-06 
11.46 1.63453e-06 
11.47 1.61165e-06 
11.48 1.58909e-06 
11.49 1.56684e-06 
11.5 1.5449e-06 
11.51 1.52327e-06 
11.52 1.50195e-06 
11.53 1.48092e-06 
11.54 1.46019e-06 
11.55 1.43975e-06 
11.56 1.41959e-06 
11.57 1.39971e-06 
11.58 1.38012e-06 
11.59 1.3608e-06 
11.6 1.34175e-06 
11.61 1.32296e-06 
11.62 1.30444e-06 
11.63 1.28618e-06 
11.64 1.26817e-06 
11.65 1.25042e-06 
11.66 1.23291e-06 
11.67 1.21565e-06 
11.68 1.19863e-06 
11.69 1.18185e-06 
11.7 1.1653e-06 
11.71 1.14899e-06 
11.72 1.1329e-06 
11.73 1.11704e-06 
11.74 1.10141e-06 
11.75 1.08599e-06 
11.76 1.07078e-06 
11.77 1.05579e-06 
11.78 1.04101e-06 
11.79 1.02644e-06 
11.8 1.01207e-06 
11.81 9.97896e-07 
11.82 9.83926e-07 
11.83 9.70151e-07 
11.84 9.56569e-07 
11.85 9.43177e-07 
11.86 9.29972e-07 
11.87 9.16953e-07 
11.88 9.04115e-07 
11.89 8.91458e-07 
11.9 8.78977e-07 
11.91 8.66672e-07 
11.92 8.54538e-07 
11.93 8.42575e-07 
11.94 8.30779e-07 
11.95 8.19148e-07 
11.96 8.0768e-07 
11.97 7.96372e-07 
11.98 7.85223e-07 
11.99 7.7423e-07 
12 7.63391e-07 
12.01 7.52703e-07 
12.02 7.42165e-07 
12.03 7.31775e-07 
12.04 7.2153e-07 
12.05 7.11429e-07 
12.06 7.01469e-07 
12.07 6.91648e-07 
12.08 6.81965e-07 
12.09 6.72418e-07 
12.1 6.63004e-07 
12.11 6.53722e-07 
12.12 6.4457e-07 
12.13 6.35546e-07 
12.14 6.26648e-07 
12.15 6.17875e-07 
12.16 6.09225e-07 
12.17 6.00696e-07 
12.18 5.92286e-07 
12.19 5.83994e-07 
12.2 5.75818e-07 
12.21 5.67756e-07 
12.22 5.59808e-07 
12.23 5.51971e-07 
12.24 5.44243e-07 
12.25 5.36624e-07 
12.26 5.29111e-07 
12.27 5.21703e-07 
12.28 5.14399e-07 
12.29 5.07198e-07 
12.3 5.00097e-07 
12.31 4.93096e-07 
12.32 4.86192e-07 
12.33 4.79386e-07 
12.34 4.72674e-07 
12.35 4.66057e-07 
12.36 4.59532e-07 
12.37 4.53099e-07 
12.38 4.46755e-07 
12.39 4.40501e-07 
12.4 4.34334e-07 
12.41 4.28253e-07 
12.42 4.22257e-07 
12.43 4.16346e-07 
12.44 4.10517e-07 
12.45 4.0477e-07 
12.46 3.99103e-07 
12.47 3.93516e-07 
12.48 3.88006e-07 
12.49 3.82574e-07 
12.5 3.77218e-07 
12.51 3.71937e-07 
12.52 3.6673e-07 
12.53 3.61596e-07 
12.54 3.56533e-07 
12.55 3.51542e-07 
12.56 3.4662e-07 
12.57 3.41768e-07 
12.58 3.36983e-07 
12.59 3.32265e-07 
12.6 3.27613e-07 
12.61 3.23027e-07 
12.62 3.18505e-07 
12.63 3.14045e-07 
12.64 3.09649e-07 
12.65 3.05314e-07 
12.66 3.01039e-07 
12.67 2.96825e-07 
12.68 2.92669e-07 
12.69 2.88572e-07 
12.7 2.84532e-07 
12.71 2.80548e-07 
12.72 2.76621e-07 
12.73 2.72748e-07 
12.74 2.6893e-07 
12.75 2.65165e-07 
12.76 2.61452e-07 
12.77 2.57792e-07 
12.78 2.54183e-07 
12.79 2.50624e-07 
12.8 2.47116e-07 
12.81 2.43656e-07 
12.82 2.40245e-07 
12.83 2.36881e-07 
12.84 2.33565e-07 
12.85 2.30295e-07 
12.86 2.27071e-07 
12.87 2.23892e-07 
12.88 2.20757e-07 
12.89 2.17667e-07 
12.9 2.1462e-07 
12.91 2.11615e-07 
12.92 2.08652e-07 
12.93 2.05731e-07 
12.94 2.02851e-07 
12.95 2.00011e-07 
12.96 1.97211e-07 
12.97 1.9445e-07 
12.98 1.91728e-07 
12.99 1.89043e-07 
13 1.86397e-07 
13.01 1.83787e-07 
13.02 1.81214e-07 
13.03 1.78677e-07 
13.04 1.76176e-07 
13.05 1.73709e-07 
13.06 1.71277e-07 
13.07 1.68879e-07 
13.08 1.66515e-07 
13.09 1.64184e-07 
13.1 1.61885e-07 
13.11 1.59619e-07 
13.12 1.57384e-07 
13.13 1.55181e-07 
13.14 1.53008e-07 
13.15 1.50866e-07 
13.16 1.48754e-07 
13.17 1.46672e-07 
13.18 1.44618e-07 
13.19 1.42593e-07 
13.2 1.40597e-07 
13.21 1.38629e-07 
13.22 1.36688e-07 
13.23 1.34774e-07 
13.24 1.32888e-07 
13.25 1.31027e-07 
13.26 1.29193e-07 
13.27 1.27384e-07 
13.28 1.25601e-07 
13.29 1.23842e-07 
13.3 1.22108e-07 
13.31 1.20399e-07 
13.32 1.18713e-07 
13.33 1.17051e-07 
13.34 1.15413e-07 
13.35 1.13797e-07 
13.36 1.12204e-07 
13.37 1.10633e-07 
13.38 1.09084e-07 
13.39 1.07557e-07 
13.4 1.06051e-07 
13.41 1.04566e-07 
13.42 1.03102e-07 
13.43 1.01659e-07 
13.44 1.00236e-07 
13.45 9.88324e-08 
13.46 9.74488e-08 
13.47 9.60845e-08 
13.48 9.47393e-08 
13.49 9.3413e-08 
13.5 9.21052e-08 
13.51 9.08157e-08 
13.52 8.95443e-08 
13.53 8.82907e-08 
13.54 8.70546e-08 
13.55 8.58358e-08 
13.56 8.46341e-08 
13.57 8.34493e-08 
13.58 8.2281e-08 
13.59 8.1129e-08 
13.6 7.99932e-08 
13.61 7.88733e-08 
13.62 7.77691e-08 
13.63 7.66803e-08 
13.64 7.56068e-08 
13.65 7.45483e-08 
13.66 7.35046e-08 
13.67 7.24756e-08 
13.68 7.14609e-08 
13.69 7.04605e-08 
13.7 6.9474e-08 
13.71 6.85014e-08 
13.72 6.75424e-08 
13.73 6.65968e-08 
13.74 6.56644e-08 
13.75 6.47451e-08 
13.76 6.38387e-08 
13.77 6.29449e-08 
13.78 6.20637e-08 
13.79 6.11948e-08 
13.8 6.03381e-08 
13.81 5.94934e-08 
13.82 5.86604e-08 
13.83 5.78392e-08 
13.84 5.70295e-08 
13.85 5.6231e-08 
13.86 5.54438e-08 
13.87 5.46676e-08 
13.88 5.39022e-08 
13.89 5.31476e-08 
13.9 5.24035e-08 
13.91 5.16699e-08 
13.92 5.09465e-08 
13.93 5.02333e-08 
13.94 4.953e-08 
13.95 4.88366e-08 
13.96 4.81529e-08 
13.97 4.74787e-08 
13.98 4.6814e-08 
13.99 4.61586e-08 
14 4.55124e-08 
14.01 4.48752e-08 
14.02 4.4247e-08 
14.03 4.36275e-08 
14.04 4.30167e-08 
14.05 4.24145e-08 
14.06 4.18207e-08 
14.07 4.12352e-08 
14.08 4.06579e-08 
14.09 4.00887e-08 
14.1 3.95275e-08 
14.11 3.89741e-08 
14.12 3.84284e-08 
14.13 3.78904e-08 
14.14 3.736e-08 
14.15 3.68369e-08 
14.16 3.63212e-08 
14.17 3.58127e-08 
14.18 3.53113e-08 
14.19 3.4817e-08 
14.2 3.43296e-08 
14.21 3.38489e-08 
14.22 3.33751e-08 
14.23 3.29078e-08 
14.24 3.24471e-08 
14.25 3.19928e-08 
14.26 3.15449e-08 
14.27 3.11033e-08 
14.28 3.06679e-08 
14.29 3.02385e-08 
14.3 2.98152e-08 
14.31 2.93978e-08 
14.32 2.89862e-08 
14.33 2.85804e-08 
14.34 2.81803e-08 
14.35 2.77857e-08 
14.36 2.73967e-08 
14.37 2.70132e-08 
14.38 2.6635e-08 
14.39 2.62621e-08 
14.4 2.58944e-08 
14.41 2.55319e-08 
14.42 2.51745e-08 
14.43 2.4822e-08 
14.44 2.44745e-08 
14.45 2.41319e-08 
14.46 2.3794e-08 
14.47 2.34609e-08 
14.48 2.31325e-08 
14.49 2.28086e-08 
14.5 2.24893e-08 
14.51 2.21744e-08 
14.52 2.1864e-08 
14.53 2.15579e-08 
14.54 2.12561e-08 
14.55 2.09585e-08 
14.56 2.06651e-08 
14.57 2.03758e-08 
14.58 2.00905e-08 
14.59 1.98092e-08 
14.6 1.95319e-08 
14.61 1.92585e-08 
14.62 1.89888e-08 
14.63 1.8723e-08 
14.64 1.84609e-08 
14.65 1.82024e-08 
14.66 1.79476e-08 
14.67 1.76963e-08 
14.68 1.74486e-08 
14.69 1.72043e-08 
14.7 1.69634e-08 
14.71 1.6726e-08 
14.72 1.64918e-08 
14.73 1.62609e-08 
14.74 1.60332e-08 
14.75 1.58088e-08 
14.76 1.55875e-08 
14.77 1.53692e-08 
14.78 1.51541e-08 
14.79 1.49419e-08 
14.8 1.47327e-08 
14.81 1.45265e-08 
14.82 1.43231e-08 
14.83 1.41226e-08 
14.84 1.39249e-08 
14.85 1.37299e-08 
14.86 1.35377e-08 
14.87 1.33482e-08 
14.88 1.31613e-08 
14.89 1.2977e-08 
14.9 1.27954e-08 
14.91 1.26162e-08 
14.92 1.24396e-08 
14.93 1.22654e-08 
14.94 1.20937e-08 
14.95 1.19244e-08 
14.96 1.17575e-08 
14.97 1.15929e-08 
14.98 1.14306e-08 
14.99 1.12705e-08 
15 1.11127e-08 
15.01 1.09572e-08 
15.02 1.08038e-08 
15.03 1.06525e-08 
15.04 1.05034e-08 
15.05 1.03563e-08 
15.06 1.02113e-08 
15.07 1.00684e-08 
15.08 9.92743e-09 
15.09 9.78844e-09 
15.1 9.6514e-09 
15.11 9.51628e-09 
15.12 9.38306e-09 
15.13 9.25169e-09 
15.14 9.12217e-09 
15.15 8.99446e-09 
15.16 8.86854e-09 
15.17 8.74438e-09 
15.18 8.62196e-09 
15.19 8.50125e-09 
15.2 8.38223e-09 
15.21 8.26488e-09 
15.22 8.14917e-09 
15.23 8.03508e-09 
15.24 7.92259e-09 
15.25 7.81168e-09 
15.26 7.70231e-09 
15.27 7.59448e-09 
15.28 7.48816e-09 
15.29 7.38332e-09 
15.3 7.27996e-09 
15.31 7.17804e-09 
15.32 7.07754e-09 
15.33 6.97846e-09 
15.34 6.88076e-09 
15.35 6.78443e-09 
15.36 6.68945e-09 
15.37 6.5958e-09 
15.38 6.50345e-09 
15.39 6.41241e-09 
15.4 6.32263e-09 
15.41 6.23412e-09 
15.42 6.14684e-09 
15.43 6.06078e-09 
15.44 5.97593e-09 
15.45 5.89227e-09 
15.46 5.80978e-09 
15.47 5.72844e-09 
15.48 5.64824e-09 
15.49 5.56917e-09 
15.5 5.4912e-09 
15.51 5.41432e-09 
15.52 5.33852e-09 
15.53 5.26378e-09 
15.54 5.19009e-09 
15.55 5.11743e-09 
15.56 5.04578e-09 
15.57 4.97514e-09 
15.58 4.90549e-09 
15.59 4.83681e-09 
15.6 4.7691e-09 
15.61 4.70233e-09 
15.62 4.6365e-09 
15.63 4.57159e-09 
15.64 4.50758e-09 
15.65 4.44448e-09 
15.66 4.38226e-09 
15.67 4.3209e-09 
15.68 4.26041e-09 
15.69 4.20077e-09 
15.7 4.14196e-09 
15.71 4.08397e-09 
15.72 4.02679e-09 
15.73 3.97042e-09 
15.74 3.91483e-09 
15.75 3.86002e-09 
15.76 3.80598e-09 
15.77 3.7527e-09 
15.78 3.70016e-09 
15.79 3.64836e-09 
15.8 3.59728e-09 
15.81 3.54692e-09 
15.82 3.49726e-09 
15.83 3.4483e-09 
15.84 3.40003e-09 
15.85 3.35243e-09 
15.86 3.30549e-09 
15.87 3.25921e-09 
15.88 3.21359e-09 
15.89 3.1686e-09 
15.9 3.12423e-09 
15.91 3.0805e-09 
15.92 3.03737e-09 
15.93 2.99485e-09 
15.94 2.95292e-09 
15.95 2.91158e-09 
15.96 2.87081e-09 
15.97 2.83062e-09 
15.98 2.79099e-09 
15.99 2.75192e-09 
16 2.71339e-09 
16.01 2.67541e-09 
16.02 2.63795e-09 
16.03 2.60102e-09 
16.04 2.56461e-09 
16.05 2.5287e-09 
16.06 2.4933e-09 
16.07 2.45839e-09 
16.08 2.42398e-09 
16.09 2.39004e-09 
16.1 2.35658e-09 
16.11 2.32359e-09 
16.12 2.29106e-09 
16.13 2.25898e-09 
16.14 2.22736e-09 
16.15 2.19617e-09 
16.16 2.16543e-09 
16.17 2.13511e-09 
16.18 2.10522e-09 
16.19 2.07575e-09 
16.2 2.04669e-09 
16.21 2.01803e-09 
16.22 1.98978e-09 
16.23 1.96192e-09 
16.24 1.93446e-09 
16.25 1.90737e-09 
16.26 1.88067e-09 
16.27 1.85434e-09 
16.28 1.82838e-09 
16.29 1.80278e-09 
16.3 1.77754e-09 
16.31 1.75266e-09 
16.32 1.72812e-09 
16.33 1.70393e-09 
16.34 1.68007e-09 
16.35 1.65655e-09 
16.36 1.63336e-09 
16.37 1.61049e-09 
16.38 1.58795e-09 
16.39 1.56571e-09 
16.4 1.54379e-09 
16.41 1.52218e-09 
16.42 1.50087e-09 
16.43 1.47986e-09 
16.44 1.45914e-09 
16.45 1.43871e-09 
16.46 1.41857e-09 
16.47 1.39871e-09 
16.48 1.37913e-09 
16.49 1.35982e-09 
16.5 1.34078e-09 
16.51 1.32201e-09 
16.52 1.3035e-09 
16.53 1.28526e-09 
16.54 1.26726e-09 
16.55 1.24952e-09 
16.56 1.23203e-09 
16.57 1.21478e-09 
16.58 1.19777e-09 
16.59 1.181e-09 
16.6 1.16447e-09 
16.61 1.14817e-09 
16.62 1.13209e-09 
16.63 1.11624e-09 
16.64 1.10061e-09 
16.65 1.08521e-09 
16.66 1.07001e-09 
16.67 1.05503e-09 
16.68 1.04026e-09 
16.69 1.0257e-09 
16.7 1.01134e-09 
16.71 9.97181e-10 
16.72 9.8322e-10 
16.73 9.69455e-10 
16.74 9.55883e-10 
16.75 9.425e-10 
16.76 9.29305e-10 
16.77 9.16295e-10 
16.78 9.03467e-10 
16.79 8.90818e-10 
16.8 8.78347e-10 
16.81 8.6605e-10 
16.82 8.53925e-10 
16.83 8.4197e-10 
16.84 8.30183e-10 
16.85 8.1856e-10 
16.86 8.071e-10 
16.87 7.95801e-10 
16.88 7.8466e-10 
16.89 7.73674e-10 
16.9 7.62843e-10 
16.91 7.52163e-10 
16.92 7.41633e-10 
16.93 7.3125e-10 
16.94 7.21013e-10 
16.95 7.10918e-10 
16.96 7.00966e-10 
16.97 6.91152e-10 
16.98 6.81476e-10 
16.99 6.71935e-10 
17 6.62528e-10 
17.01 6.53253e-10 
17.02 6.44107e-10 
17.03 6.3509e-10 
17.04 6.26198e-10 
17.05 6.17432e-10 
17.06 6.08788e-10 
17.07 6.00265e-10 
17.08 5.91861e-10 
17.09 5.83575e-10 
17.1 5.75405e-10 
17.11 5.67349e-10 
17.12 5.59406e-10 
17.13 5.51575e-10 
17.14 5.43853e-10 
17.15 5.36239e-10 
17.16 5.28731e-10 
17.17 5.21329e-10 
17.18 5.1403e-10 
17.19 5.06834e-10 
17.2 4.99738e-10 
17.21 4.92742e-10 
17.22 4.85844e-10 
17.23 4.79042e-10 
17.24 4.72335e-10 
17.25 4.65722e-10 
17.26 4.59202e-10 
17.27 4.52774e-10 
17.28 4.46435e-10 
17.29 4.40185e-10 
17.3 4.34022e-10 
17.31 4.27946e-10 
17.32 4.21954e-10 
17.33 4.16047e-10 
17.34 4.10222e-10 
17.35 4.04479e-10 
17.36 3.98817e-10 
17.37 3.93233e-10 
17.38 3.87728e-10 
17.39 3.823e-10 
17.4 3.76948e-10 
17.41 3.7167e-10 
17.42 3.66467e-10 
17.43 3.61336e-10 
17.44 3.56278e-10 
17.45 3.5129e-10 
17.46 3.46372e-10 
17.47 3.41523e-10 
17.48 3.36741e-10 
17.49 3.32027e-10 
17.5 3.27378e-10 
17.51 3.22795e-10 
17.52 3.18276e-10 
17.53 3.1382e-10 
17.54 3.09427e-10 
17.55 3.05095e-10 
17.56 3.00823e-10 
17.57 2.96612e-10 
17.58 2.92459e-10 
17.59 2.88365e-10 
17.6 2.84328e-10 
17.61 2.80347e-10 
17.62 2.76422e-10 
17.63 2.72552e-10 
17.64 2.68737e-10 
17.65 2.64974e-10 
17.66 2.61265e-10 
17.67 2.57607e-10 
17.68 2.54e-10 
17.69 2.50444e-10 
17.7 2.46938e-10 
17.71 2.43481e-10 
17.72 2.40072e-10 
17.73 2.36711e-10 
17.74 2.33397e-10 
17.75 2.3013e-10 
17.76 2.26908e-10 
17.77 2.23731e-10 
17.78 2.20599e-10 
17.79 2.17511e-10 
17.8 2.14466e-10 
17.81 2.11463e-10 
17.82 2.08503e-10 
17.83 2.05584e-10 
17.84 2.02705e-10 
17.85 1.99867e-10 
17.86 1.97069e-10 
17.87 1.9431e-10 
17.88 1.9159e-10 
17.89 1.88908e-10 
17.9 1.86263e-10 
17.91 1.83655e-10 
17.92 1.81084e-10 
17.93 1.78549e-10 
17.94 1.76049e-10 
17.95 1.73585e-10 
17.96 1.71154e-10 
17.97 1.68758e-10 
17.98 1.66396e-10 
17.99 1.64066e-10 
18 1.61769e-10 
18.01 1.59504e-10 
18.02 1.57271e-10 
18.03 1.5507e-10 
18.04 1.52899e-10 
18.05 1.50758e-10 
18.06 1.48647e-10 
18.07 1.46566e-10 
18.08 1.44514e-10 
18.09 1.42491e-10 
18.1 1.40496e-10 
18.11 1.38529e-10 
18.12 1.3659e-10 
18.13 1.34678e-10 
18.14 1.32792e-10 
18.15 1.30933e-10 
18.16 1.291e-10 
18.17 1.27293e-10 
18.18 1.25511e-10 
18.19 1.23753e-10 
18.2 1.22021e-10 
18.21 1.20313e-10 
18.22 1.18628e-10 
18.23 1.16967e-10 
18.24 1.1533e-10 
18.25 1.13715e-10 
18.26 1.12123e-10 
18.27 1.10554e-10 
18.28 1.09006e-10 
18.29 1.0748e-10 
18.3 1.05975e-10 
18.31 1.04491e-10 
18.32 1.03028e-10 
18.33 1.01586e-10 
18.34 1.00164e-10 
18.35 9.87615e-11 
18.36 9.73789e-11 
18.37 9.60156e-11 
18.38 9.46714e-11 
18.39 9.3346e-11 
18.4 9.20391e-11 
18.41 9.07506e-11 
18.42 8.94801e-11 
18.43 8.82273e-11 
18.44 8.69922e-11 
18.45 8.57743e-11 
18.46 8.45734e-11 
18.47 8.33894e-11 
18.48 8.22219e-11 
18.49 8.10708e-11 
18.5 7.99358e-11 
18.51 7.88167e-11 
18.52 7.77133e-11 
18.53 7.66253e-11 
18.54 7.55526e-11 
18.55 7.44948e-11 
18.56 7.34519e-11 
18.57 7.24236e-11 
18.58 7.14096e-11 
18.59 7.04099e-11 
18.6 6.94242e-11 
18.61 6.84522e-11 
18.62 6.74939e-11 
18.63 6.6549e-11 
18.64 6.56173e-11 
18.65 6.46987e-11 
18.66 6.37929e-11 
18.67 6.28998e-11 
18.68 6.20192e-11 
18.69 6.11509e-11 
18.7 6.02948e-11 
18.71 5.94507e-11 
18.72 5.86184e-11 
18.73 5.77977e-11 
18.74 5.69885e-11 
18.75 5.61907e-11 
18.76 5.5404e-11 
18.77 5.46284e-11 
18.78 5.38636e-11 
18.79 5.31095e-11 
18.8 5.2366e-11 
18.81 5.16328e-11 
18.82 5.091e-11 
18.83 5.01972e-11 
18.84 4.94945e-11 
18.85 4.88015e-11 
18.86 4.81183e-11 
18.87 4.74447e-11 
18.88 4.67804e-11 
18.89 4.61255e-11 
18.9 4.54798e-11 
18.91 4.4843e-11 
18.92 4.42152e-11 
18.93 4.35962e-11 
18.94 4.29859e-11 
18.95 4.23841e-11 
18.96 4.17907e-11 
18.97 4.12056e-11 
18.98 4.06288e-11 
18.99 4.00599e-11 
19 3.94991e-11 
19.01 3.89461e-11 
19.02 3.84009e-11 
19.03 3.78633e-11 
19.04 3.73332e-11 
19.05 3.68105e-11 
19.06 3.62952e-11 
19.07 3.5787e-11 
19.08 3.5286e-11 
19.09 3.4792e-11 
19.1 3.43049e-11 
19.11 3.38247e-11 
19.12 3.33511e-11 
19.13 3.28842e-11 
19.14 3.24238e-11 
19.15 3.19699e-11 
19.16 3.15223e-11 
19.17 3.1081e-11 
19.18 3.06459e-11 
19.19 3.02168e-11 
19.2 2.97938e-11 
19.21 2.93767e-11 
19.22 2.89654e-11 
19.23 2.85599e-11 
19.24 2.816e-11 
19.25 2.77658e-11 
19.26 2.73771e-11 
19.27 2.69938e-11 
19.28 2.66159e-11 
19.29 2.62433e-11 
19.3 2.58759e-11 
19.31 2.55136e-11 
19.32 2.51564e-11 
19.33 2.48042e-11 
19.34 2.4457e-11 
19.35 2.41146e-11 
19.36 2.3777e-11 
19.37 2.34441e-11 
19.38 2.31159e-11 
19.39 2.27922e-11 
19.4 2.24731e-11 
19.41 2.21585e-11 
19.42 2.18483e-11 
19.43 2.15424e-11 
19.44 2.12408e-11 
19.45 2.09435e-11 
19.46 2.06503e-11 
19.47 2.03612e-11 
19.48 2.00761e-11 
19.49 1.9795e-11 
19.5 1.95179e-11 
19.51 1.92446e-11 
19.52 1.89752e-11 
19.53 1.87096e-11 
19.54 1.84476e-11 
19.55 1.81894e-11 
19.56 1.79347e-11 
19.57 1.76836e-11 
19.58 1.74361e-11 
19.59 1.7192e-11 
19.6 1.69513e-11 
19.61 1.6714e-11 
19.62 1.648e-11 
19.63 1.62492e-11 
19.64 1.60217e-11 
19.65 1.57974e-11 
19.66 1.55763e-11 
19.67 1.53582e-11 
19.68 1.51432e-11 
19.69 1.49312e-11 
19.7 1.47222e-11 
19.71 1.4516e-11 
19.72 1.43128e-11 
19.73 1.41124e-11 
19.74 1.39149e-11 
19.75 1.37201e-11 
19.76 1.3528e-11 
19.77 1.33386e-11 
19.78 1.31518e-11 
19.79 1.29677e-11 
19.8 1.27862e-11 
19.81 1.26072e-11 
19.82 1.24307e-11 
19.83 1.22566e-11 
19.84 1.2085e-11 
19.85 1.19159e-11 
19.86 1.1749e-11 
19.87 1.15845e-11 
19.88 1.14224e-11 
19.89 1.12624e-11 
19.9 1.11048e-11 
19.91 1.09493e-11 
19.92 1.0796e-11 
19.93 1.06449e-11 
19.94 1.04958e-11 
19.95 1.03489e-11 
19.96 1.0204e-11 
19.97 1.00612e-11 
19.98 9.9203e-12 
19.99 9.78142e-12 
>>>>>>> 55f16a3262993c538dcf43fd72ec53948876f8f3
