0 5 0
0.01 5 -0.0370041
0.02 4.99963 -0.0733662
0.03 4.99889 -0.109095
0.04 4.99779 -0.144198
0.05 4.99635 -0.178684
0.06 4.99455 -0.21256
0.07 4.99241 -0.245836
0.08 4.98994 -0.278519
0.09 4.98714 -0.310616
0.1 4.98402 -0.342135
0.11 4.98058 -0.373085
0.12 4.97683 -0.403472
0.13 4.97278 -0.433304
0.14 4.96842 -0.462588
0.15 4.96377 -0.491333
0.16 4.95884 -0.519544
0.17 4.95362 -0.547229
0.18 4.94812 -0.574395
0.19 4.94234 -0.601049
0.2 4.9363 -0.627197
0.21 4.93 -0.652848
0.22 4.92344 -0.678006
0.23 4.91662 -0.70268
0.24 4.90956 -0.726875
0.25 4.90226 -0.750598
0.26 4.89471 -0.773855
0.27 4.88693 -0.796653
0.28 4.87893 -0.818998
0.29 4.8707 -0.840895
0.3 4.86225 -0.862352
0.31 4.85358 -0.883374
0.32 4.8447 -0.903968
0.33 4.83562 -0.924138
0.34 4.82633 -0.943891
0.35 4.81684 -0.963232
0.36 4.80716 -0.982168
0.37 4.79729 -1.0007
0.38 4.78723 -1.01884
0.39 4.77699 -1.0366
0.4 4.76658 -1.05396
0.41 4.75598 -1.07095
0.42 4.74522 -1.08757
0.43 4.73429 -1.10382
0.44 4.7232 -1.1197
0.45 4.71194 -1.13523
0.46 4.70053 -1.15041
0.47 4.68897 -1.16523
0.48 4.67726 -1.17972
0.49 4.66541 -1.19386
0.5 4.65341 -1.20768
0.51 4.64127 -1.22116
0.52 4.629 -1.23432
0.53 4.61659 -1.24717
0.54 4.60406 -1.25969
0.55 4.5914 -1.27191
0.56 4.57861 -1.28382
0.57 4.56571 -1.29543
0.58 4.55269 -1.30674
0.59 4.53956 -1.31777
0.6 4.52632 -1.3285
0.61 4.51296 -1.33895
0.62 4.49951 -1.34911
0.63 4.48595 -1.35901
0.64 4.47229 -1.36863
0.65 4.45853 -1.37798
0.66 4.44469 -1.38706
0.67 4.43075 -1.39589
0.68 4.41672 -1.40446
0.69 4.4026 -1.41278
0.7 4.3884 -1.42085
0.71 4.37412 -1.42868
0.72 4.35976 -1.43626
0.73 4.34533 -1.44361
0.74 4.33082 -1.45072
0.75 4.31624 -1.4576
0.76 4.30159 -1.46425
0.77 4.28688 -1.47068
0.78 4.2721 -1.47689
0.79 4.25725 -1.48288
0.8 4.24235 -1.48866
0.81 4.22739 -1.49423
0.82 4.21237 -1.49959
0.83 4.1973 -1.50474
0.84 4.18218 -1.5097
0.85 4.167 -1.51445
0.86 4.15178 -1.51902
0.87 4.13652 -1.52339
0.88 4.12121 -1.52757
0.89 4.10586 -1.53156
0.9 4.09046 -1.53538
0.91 4.07503 -1.53901
0.92 4.05956 -1.54247
0.93 4.04406 -1.54575
0.94 4.02853 -1.54886
0.95 4.01296 -1.5518
0.96 3.99737 -1.55457
0.97 3.98174 -1.55718
0.98 3.96609 -1.55963
0.99 3.95042 -1.56192
1 3.93472 -1.56406
1.01 3.919 -1.56604
1.02 3.90326 -1.56787
1.03 3.8875 -1.56956
1.04 3.87173 -1.57109
1.05 3.85594 -1.57249
1.06 3.84014 -1.57374
1.07 3.82432 -1.57486
1.08 3.80849 -1.57583
1.09 3.79266 -1.57668
1.1 3.77681 -1.57739
1.11 3.76096 -1.57797
1.12 3.7451 -1.57843
1.13 3.72923 -1.57876
1.14 3.71337 -1.57896
1.15 3.6975 -1.57905
1.16 3.68163 -1.57902
1.17 3.66576 -1.57887
1.18 3.64989 -1.5786
1.19 3.63403 -1.57822
1.2 3.61816 -1.57773
1.21 3.60231 -1.57714
1.22 3.58646 -1.57643
1.23 3.57061 -1.57562
1.24 3.55478 -1.57471
1.25 3.53895 -1.5737
1.26 3.52314 -1.57258
1.27 3.50733 -1.57137
1.28 3.49154 -1.57006
1.29 3.47576 -1.56866
1.3 3.45999 -1.56717
1.31 3.44424 -1.56558
1.32 3.42851 -1.56391
1.33 3.41279 -1.56215
1.34 3.39709 -1.5603
1.35 3.38141 -1.55837
1.36 3.36575 -1.55636
1.37 3.35011 -1.55426
1.38 3.33449 -1.55209
1.39 3.31889 -1.54983
1.4 3.30331 -1.54751
1.41 3.28776 -1.5451
1.42 3.27223 -1.54263
1.43 3.25673 -1.54008
1.44 3.24125 -1.53746
1.45 3.2258 -1.53477
1.46 3.21037 -1.53201
1.47 3.19498 -1.52919
1.48 3.17961 -1.5263
1.49 3.16427 -1.52335
1.5 3.14896 -1.52034
1.51 3.13368 -1.51727
1.52 3.11843 -1.51413
1.53 3.10321 -1.51094
1.54 3.08803 -1.50769
1.55 3.07287 -1.50438
1.56 3.05776 -1.50102
1.57 3.04267 -1.49761
1.58 3.02762 -1.49414
1.59 3.0126 -1.49063
1.6 2.99762 -1.48706
1.61 2.98268 -1.48344
1.62 2.96777 -1.47978
1.63 2.9529 -1.47606
1.64 2.93806 -1.47231
1.65 2.92326 -1.46851
1.66 2.9085 -1.46466
1.67 2.89378 -1.46077
1.68 2.8791 -1.45684
1.69 2.86446 -1.45287
1.7 2.84986 -1.44886
1.71 2.8353 -1.44482
1.72 2.82078 -1.44073
1.73 2.8063 -1.43661
1.74 2.79186 -1.43245
1.75 2.77746 -1.42826
1.76 2.76311 -1.42403
1.77 2.7488 -1.41978
1.78 2.73453 -1.41548
1.79 2.7203 -1.41116
1.8 2.70612 -1.40681
1.81 2.69198 -1.40243
1.82 2.67789 -1.39802
1.83 2.66384 -1.39358
1.84 2.64983 -1.38911
1.85 2.63587 -1.38462
1.86 2.62196 -1.38011
1.87 2.60809 -1.37557
1.88 2.59426 -1.371
1.89 2.58048 -1.36641
1.9 2.56675 -1.3618
1.91 2.55306 -1.35717
1.92 2.53942 -1.35252
1.93 2.52583 -1.34784
1.94 2.51228 -1.34315
1.95 2.49878 -1.33844
1.96 2.48533 -1.33371
1.97 2.47193 -1.32896
1.98 2.45857 -1.3242
1.99 2.44526 -1.31942
2 2.432 -1.31462
2.01 2.41879 -1.30981
2.02 2.40563 -1.30498
2.03 2.39251 -1.30014
2.04 2.37945 -1.29529
2.05 2.36643 -1.29043
2.06 2.35346 -1.28555
2.07 2.34054 -1.28066
2.08 2.32767 -1.27576
2.09 2.31485 -1.27086
2.1 2.30207 -1.26594
2.11 2.28935 -1.26101
2.12 2.27668 -1.25607
2.13 2.26405 -1.25113
2.14 2.25148 -1.24618
2.15 2.23896 -1.24122
2.16 2.22648 -1.23625
2.17 2.21406 -1.23128
2.18 2.20168 -1.2263
2.19 2.18936 -1.22132
2.2 2.17708 -1.21633
2.21 2.16486 -1.21134
2.22 2.15269 -1.20634
2.23 2.14056 -1.20134
2.24 2.12849 -1.19634
2.25 2.11646 -1.19134
2.26 2.10449 -1.18633
2.27 2.09257 -1.18132
2.28 2.0807 -1.17631
2.29 2.06887 -1.1713
2.3 2.0571 -1.16629
2.31 2.04538 -1.16127
2.32 2.03371 -1.15626
2.33 2.02209 -1.15125
2.34 2.01052 -1.14624
2.35 1.999 -1.14123
2.36 1.98753 -1.13623
2.37 1.97611 -1.13122
2.38 1.96474 -1.12622
2.39 1.95342 -1.12122
2.4 1.94215 -1.11622
2.41 1.93094 -1.11123
2.42 1.91977 -1.10624
2.43 1.90865 -1.10125
2.44 1.89758 -1.09627
2.45 1.88656 -1.09129
2.46 1.8756 -1.08632
2.47 1.86468 -1.08135
2.48 1.85381 -1.07639
2.49 1.84299 -1.07143
2.5 1.83223 -1.06648
2.51 1.82151 -1.06154
2.52 1.81084 -1.0566
2.53 1.80022 -1.05167
2.54 1.78965 -1.04674
2.55 1.77913 -1.04183
2.56 1.76866 -1.03692
2.57 1.75824 -1.03202
2.58 1.74787 -1.02712
2.59 1.73754 -1.02224
2.6 1.72727 -1.01736
2.61 1.71705 -1.01249
2.62 1.70687 -1.00763
2.63 1.69674 -1.00278
2.64 1.68666 -0.997937
2.65 1.67664 -0.993105
2.66 1.66665 -0.988282
2.67 1.65672 -0.983469
2.68 1.64684 -0.978666
2.69 1.637 -0.973874
2.7 1.62721 -0.969091
2.71 1.61748 -0.96432
2.72 1.60778 -0.959558
2.73 1.59814 -0.954808
2.74 1.58854 -0.950069
2.75 1.579 -0.945341
2.76 1.56949 -0.940625
2.77 1.56004 -0.935919
2.78 1.55064 -0.931226
2.79 1.54128 -0.926545
2.8 1.53196 -0.921875
2.81 1.5227 -0.917217
2.82 1.51348 -0.912572
2.83 1.50431 -0.907939
2.84 1.49518 -0.903319
2.85 1.48611 -0.898711
2.86 1.47707 -0.894116
2.87 1.46809 -0.889534
2.88 1.45915 -0.884965
2.89 1.45025 -0.880409
2.9 1.44141 -0.875866
2.91 1.4326 -0.871337
2.92 1.42385 -0.866821
2.93 1.41513 -0.862318
2.94 1.40647 -0.85783
2.95 1.39785 -0.853355
2.96 1.38927 -0.848893
2.97 1.38074 -0.844446
2.98 1.37225 -0.840013
2.99 1.36381 -0.835594
3 1.35541 -0.831189
3.01 1.34706 -0.826798
3.02 1.33875 -0.822422
3.03 1.33048 -0.81806
3.04 1.32226 -0.813713
3.05 1.31408 -0.80938
3.06 1.30595 -0.805062
3.07 1.29786 -0.800759
3.08 1.28981 -0.79647
3.09 1.28181 -0.792196
3.1 1.27384 -0.787937
3.11 1.26593 -0.783693
3.12 1.25805 -0.779465
3.13 1.25022 -0.775251
3.14 1.24242 -0.771052
3.15 1.23467 -0.766869
3.16 1.22697 -0.762701
3.17 1.2193 -0.758548
3.18 1.21168 -0.75441
3.19 1.2041 -0.750288
3.2 1.19656 -0.746181
3.21 1.18906 -0.74209
3.22 1.1816 -0.738014
3.23 1.17418 -0.733953
3.24 1.16681 -0.729909
3.25 1.15947 -0.725879
3.26 1.15217 -0.721866
3.27 1.14492 -0.717868
3.28 1.1377 -0.713886
3.29 1.13053 -0.709919
3.3 1.1234 -0.705968
3.31 1.1163 -0.702033
3.32 1.10924 -0.698114
3.33 1.10223 -0.69421
3.34 1.09525 -0.690323
3.35 1.08831 -0.686451
3.36 1.08141 -0.682595
3.37 1.07455 -0.678754
3.38 1.06773 -0.67493
3.39 1.06095 -0.671122
3.4 1.0542 -0.667329
3.41 1.0475 -0.663552
3.42 1.04083 -0.659791
3.43 1.0342 -0.656047
3.44 1.0276 -0.652317
3.45 1.02105 -0.648604
3.46 1.01453 -0.644907
3.47 1.00805 -0.641226
3.48 1.0016 -0.63756
3.49 0.995197 -0.633911
3.5 0.988826 -0.630277
3.51 0.982492 -0.62666
3.52 0.976194 -0.623058
3.53 0.969932 -0.619472
3.54 0.963706 -0.615902
3.55 0.957516 -0.612348
3.56 0.951362 -0.608809
3.57 0.945243 -0.605287
3.58 0.93916 -0.60178
3.59 0.933112 -0.598289
3.6 0.927099 -0.594814
3.61 0.921121 -0.591355
3.62 0.915178 -0.587912
3.63 0.909269 -0.584484
3.64 0.903395 -0.581072
3.65 0.897555 -0.577676
3.66 0.89175 -0.574295
3.67 0.885978 -0.570931
3.68 0.88024 -0.567581
3.69 0.874536 -0.564248
3.7 0.868865 -0.56093
3.71 0.863227 -0.557628
3.72 0.857623 -0.554341
3.73 0.852052 -0.55107
3.74 0.846514 -0.547814
3.75 0.841008 -0.544574
3.76 0.835535 -0.541349
3.77 0.830094 -0.53814
3.78 0.824686 -0.534946
3.79 0.819309 -0.531768
3.8 0.813965 -0.528605
3.81 0.808653 -0.525457
3.82 0.803372 -0.522325
3.83 0.798122 -0.519208
3.84 0.792904 -0.516106
3.85 0.787717 -0.513019
3.86 0.782561 -0.509947
3.87 0.777436 -0.506891
3.88 0.772342 -0.50385
3.89 0.767278 -0.500823
3.9 0.762245 -0.497812
3.91 0.757242 -0.494816
3.92 0.752269 -0.491835
3.93 0.747326 -0.488868
3.94 0.742412 -0.485917
3.95 0.737529 -0.48298
3.96 0.732675 -0.480059
3.97 0.72785 -0.477152
3.98 0.723055 -0.474259
3.99 0.718288 -0.471382
4 0.713551 -0.468519
4.01 0.708842 -0.46567
4.02 0.704162 -0.462837
4.03 0.69951 -0.460017
4.04 0.694887 -0.457213
4.05 0.690292 -0.454422
4.06 0.685725 -0.451647
4.07 0.681186 -0.448885
4.08 0.676675 -0.446138
4.09 0.672191 -0.443405
4.1 0.667735 -0.440686
4.11 0.663306 -0.437982
4.12 0.658904 -0.435291
4.13 0.654529 -0.432615
4.14 0.650181 -0.429953
4.15 0.64586 -0.427305
4.16 0.641566 -0.424671
4.17 0.637298 -0.42205
4.18 0.633056 -0.419444
4.19 0.62884 -0.416851
4.2 0.624651 -0.414273
4.21 0.620487 -0.411708
4.22 0.61635 -0.409156
4.23 0.612238 -0.406619
4.24 0.608151 -0.404094
4.25 0.60409 -0.401584
4.26 0.600054 -0.399087
4.27 0.596043 -0.396603
4.28 0.592057 -0.394133
4.29 0.588096 -0.391676
4.3 0.58416 -0.389233
4.31 0.580248 -0.386803
4.32 0.57636 -0.384385
4.33 0.572497 -0.381982
4.34 0.568658 -0.379591
4.35 0.564843 -0.377213
4.36 0.561052 -0.374849
4.37 0.557285 -0.372497
4.38 0.553541 -0.370158
4.39 0.549821 -0.367832
4.4 0.546124 -0.365519
4.41 0.542451 -0.363219
4.42 0.5388 -0.360931
4.43 0.535173 -0.358656
4.44 0.531568 -0.356394
4.45 0.527987 -0.354144
4.46 0.524427 -0.351907
4.47 0.520891 -0.349683
4.48 0.517376 -0.34747
4.49 0.513884 -0.34527
4.5 0.510414 -0.343083
4.51 0.506966 -0.340908
4.52 0.50354 -0.338745
4.53 0.500135 -0.336594
4.54 0.496753 -0.334455
4.55 0.493391 -0.332328
4.56 0.490051 -0.330214
4.57 0.486733 -0.328111
4.58 0.483435 -0.32602
4.59 0.480158 -0.323941
4.6 0.476903 -0.321874
4.61 0.473668 -0.319819
4.62 0.470454 -0.317775
4.63 0.46726 -0.315743
4.64 0.464087 -0.313723
4.65 0.460934 -0.311714
4.66 0.457801 -0.309717
4.67 0.454688 -0.307731
4.68 0.451596 -0.305757
4.69 0.448523 -0.303794
4.7 0.445469 -0.301842
4.71 0.442436 -0.299902
4.72 0.439422 -0.297973
4.73 0.436427 -0.296055
4.74 0.433452 -0.294148
4.75 0.430495 -0.292252
4.76 0.427558 -0.290367
4.77 0.42464 -0.288494
4.78 0.421741 -0.286631
4.79 0.41886 -0.284779
4.8 0.415998 -0.282937
4.81 0.413154 -0.281107
4.82 0.410329 -0.279287
4.83 0.407522 -0.277478
4.84 0.404734 -0.27568
4.85 0.401963 -0.273892
4.86 0.39921 -0.272114
4.87 0.396475 -0.270347
4.88 0.393758 -0.268591
4.89 0.391059 -0.266845
4.9 0.388377 -0.265109
4.91 0.385713 -0.263383
4.92 0.383066 -0.261668
4.93 0.380436 -0.259963
4.94 0.377823 -0.258268
4.95 0.375228 -0.256583
4.96 0.372649 -0.254908
4.97 0.370087 -0.253243
4.98 0.367542 -0.251588
4.99 0.365013 -0.249943
5 0.362502 -0.248307
5.01 0.360006 -0.246682
5.02 0.357527 -0.245066
5.03 0.355064 -0.24346
5.04 0.352617 -0.241864
5.05 0.350186 -0.240277
5.06 0.347771 -0.238699
5.07 0.345372 -0.237132
5.08 0.342989 -0.235573
5.09 0.340622 -0.234024
5.1 0.33827 -0.232485
5.11 0.335933 -0.230954
5.12 0.333612 -0.229433
5.13 0.331306 -0.227921
5.14 0.329016 -0.226419
5.15 0.32674 -0.224925
5.16 0.32448 -0.223441
5.17 0.322234 -0.221965
5.18 0.320003 -0.220499
5.19 0.317787 -0.219041
5.2 0.315586 -0.217592
5.21 0.313399 -0.216153
5.22 0.311226 -0.214722
5.23 0.309068 -0.213299
5.24 0.306925 -0.211886
5.25 0.304795 -0.210481
5.26 0.30268 -0.209085
5.27 0.300579 -0.207697
5.28 0.298491 -0.206318
5.29 0.296418 -0.204947
5.3 0.294358 -0.203585
5.31 0.292312 -0.202231
5.32 0.290279 -0.200885
5.33 0.28826 -0.199548
5.34 0.286255 -0.198219
5.35 0.284263 -0.196898
5.36 0.282284 -0.195586
5.37 0.280318 -0.194281
5.38 0.278366 -0.192985
5.39 0.276426 -0.191697
5.4 0.2745 -0.190416
5.41 0.272586 -0.189144
5.42 0.270685 -0.18788
5.43 0.268797 -0.186623
5.44 0.266921 -0.185374
5.45 0.265058 -0.184133
5.46 0.263208 -0.1829
5.47 0.261369 -0.181675
5.48 0.259544 -0.180457
5.49 0.25773 -0.179246
5.5 0.255928 -0.178044
5.51 0.254139 -0.176849
5.52 0.252362 -0.175661
5.53 0.250596 -0.174481
5.54 0.248843 -0.173308
5.55 0.247101 -0.172143
5.56 0.245371 -0.170985
5.57 0.243652 -0.169834
5.58 0.241946 -0.16869
5.59 0.24025 -0.167554
5.6 0.238566 -0.166425
5.61 0.236894 -0.165303
5.62 0.235232 -0.164188
5.63 0.233582 -0.16308
5.64 0.231943 -0.161979
5.65 0.230315 -0.160885
5.66 0.228698 -0.159798
5.67 0.227092 -0.158718
5.68 0.225497 -0.157645
5.69 0.223913 -0.156579
5.7 0.222339 -0.155519
5.71 0.220776 -0.154466
5.72 0.219224 -0.15342
5.73 0.217682 -0.15238
5.74 0.216151 -0.151347
5.75 0.21463 -0.150321
5.76 0.213119 -0.149301
5.77 0.211618 -0.148288
5.78 0.210128 -0.147281
5.79 0.208648 -0.146281
5.8 0.207178 -0.145287
5.81 0.205717 -0.1443
5.82 0.204267 -0.143318
5.83 0.202827 -0.142343
5.84 0.201396 -0.141375
5.85 0.199975 -0.140412
5.86 0.198564 -0.139456
5.87 0.197163 -0.138506
5.88 0.195771 -0.137562
5.89 0.194388 -0.136624
5.9 0.193015 -0.135692
5.91 0.191651 -0.134766
5.92 0.190297 -0.133846
5.93 0.188952 -0.132932
5.94 0.187616 -0.132024
5.95 0.186289 -0.131122
5.96 0.184971 -0.130225
5.97 0.183662 -0.129335
5.98 0.182362 -0.12845
5.99 0.181072 -0.127571
6 0.179789 -0.126698
6.01 0.178516 -0.12583
6.02 0.177251 -0.124968
6.03 0.175996 -0.124111
6.04 0.174748 -0.12326
6.05 0.173509 -0.122415
6.06 0.172279 -0.121575
6.07 0.171057 -0.120741
6.08 0.169844 -0.119912
6.09 0.168639 -0.119088
6.1 0.167442 -0.11827
6.11 0.166253 -0.117457
6.12 0.165073 -0.116649
6.13 0.1639 -0.115847
6.14 0.162736 -0.11505
6.15 0.16158 -0.114258
6.16 0.160431 -0.113472
6.17 0.159291 -0.11269
6.18 0.158159 -0.111914
6.19 0.157034 -0.111142
6.2 0.155917 -0.110376
6.21 0.154807 -0.109615
6.22 0.153706 -0.108859
6.23 0.152612 -0.108108
6.24 0.151525 -0.107361
6.25 0.150446 -0.10662
6.26 0.149375 -0.105883
6.27 0.148311 -0.105152
6.28 0.147254 -0.104425
6.29 0.146204 -0.103703
6.3 0.145162 -0.102985
6.31 0.144127 -0.102273
6.32 0.143099 -0.101565
6.33 0.142078 -0.100862
6.34 0.141065 -0.100163
6.35 0.140058 -0.0994694
6.36 0.139058 -0.0987801
6.37 0.138066 -0.0980953
6.38 0.13708 -0.0974151
6.39 0.136101 -0.0967393
6.4 0.135129 -0.0960681
6.41 0.134163 -0.0954013
6.42 0.133204 -0.0947389
6.43 0.132252 -0.0940809
6.44 0.131307 -0.0934273
6.45 0.130368 -0.0927781
6.46 0.129435 -0.0921331
6.47 0.128509 -0.0914924
6.48 0.12759 -0.0908561
6.49 0.126677 -0.0902239
6.5 0.12577 -0.0895959
6.51 0.124869 -0.0889722
6.52 0.123975 -0.0883526
6.53 0.123087 -0.0877371
6.54 0.122205 -0.0871257
6.55 0.12133 -0.0865185
6.56 0.12046 -0.0859152
6.57 0.119597 -0.085316
6.58 0.118739 -0.0847208
6.59 0.117888 -0.0841296
6.6 0.117042 -0.0835424
6.61 0.116203 -0.0829591
6.62 0.115369 -0.0823797
6.63 0.114541 -0.0818041
6.64 0.113719 -0.0812325
6.65 0.112903 -0.0806646
6.66 0.112092 -0.0801006
6.67 0.111287 -0.0795404
6.68 0.110487 -0.0789839
6.69 0.109694 -0.0784311
6.7 0.108905 -0.0778821
6.71 0.108123 -0.0773368
6.72 0.107345 -0.0767951
6.73 0.106574 -0.0762571
6.74 0.105807 -0.0757227
6.75 0.105046 -0.0751919
6.76 0.104291 -0.0746647
6.77 0.10354 -0.0741411
6.78 0.102795 -0.0736209
6.79 0.102055 -0.0731043
6.8 0.10132 -0.0725912
6.81 0.100591 -0.0720815
6.82 0.0998664 -0.0715753
6.83 0.099147 -0.0710725
6.84 0.0984327 -0.0705731
6.85 0.0977235 -0.0700771
6.86 0.0970192 -0.0695844
6.87 0.0963199 -0.0690951
6.88 0.0956254 -0.0686091
6.89 0.0949359 -0.0681264
6.9 0.0942512 -0.0676469
6.91 0.0935714 -0.0671707
6.92 0.0928963 -0.0666978
6.93 0.092226 -0.066228
6.94 0.0915604 -0.0657615
6.95 0.0908994 -0.0652981
6.96 0.0902432 -0.0648378
6.97 0.0895916 -0.0643807
6.98 0.0889445 -0.0639267
6.99 0.088302 -0.0634758
7 0.0876641 -0.0630279
7.01 0.0870307 -0.0625831
7.02 0.0864017 -0.0621414
7.03 0.0857772 -0.0617026
7.04 0.085157 -0.0612668
7.05 0.0845413 -0.060834
7.06 0.0839299 -0.0604042
7.07 0.0833228 -0.0599773
7.08 0.0827201 -0.0595533
7.09 0.0821215 -0.0591322
7.1 0.0815272 -0.0587139
7.11 0.0809372 -0.0582986
7.12 0.0803512 -0.0578861
7.13 0.0797695 -0.0574763
7.14 0.0791918 -0.0570694
7.15 0.0786183 -0.0566653
7.16 0.0780488 -0.056264
7.17 0.0774833 -0.0558654
7.18 0.0769219 -0.0554695
7.19 0.0763644 -0.0550764
7.2 0.0758109 -0.0546859
7.21 0.0752613 -0.0542981
7.22 0.0747156 -0.053913
7.23 0.0741737 -0.0535305
7.24 0.0736357 -0.0531507
7.25 0.0731016 -0.0527734
7.26 0.0725712 -0.0523988
7.27 0.0720446 -0.0520267
7.28 0.0715217 -0.0516572
7.29 0.0710025 -0.0512902
7.3 0.070487 -0.0509257
7.31 0.0699752 -0.0505638
7.32 0.0694671 -0.0502044
7.33 0.0689625 -0.0498474
7.34 0.0684615 -0.0494929
7.35 0.0679641 -0.0491408
7.36 0.0674702 -0.0487912
7.37 0.0669799 -0.0484439
7.38 0.066493 -0.0480991
7.39 0.0660096 -0.0477566
7.4 0.0655296 -0.0474165
7.41 0.0650531 -0.0470788
7.42 0.0645799 -0.0467434
7.43 0.0641102 -0.0464103
7.44 0.0636437 -0.0460795
7.45 0.0631806 -0.045751
7.46 0.0627208 -0.0454248
7.47 0.0622643 -0.0451008
7.48 0.061811 -0.0447791
7.49 0.061361 -0.0444596
7.5 0.0609142 -0.0441423
7.51 0.0604705 -0.0438272
7.52 0.0600301 -0.0435143
7.53 0.0595927 -0.0432035
7.54 0.0591585 -0.042895
7.55 0.0587274 -0.0425885
7.56 0.0582994 -0.0422842
7.57 0.0578744 -0.041982
7.58 0.0574525 -0.0416819
7.59 0.0570336 -0.0413839
7.6 0.0566177 -0.0410879
7.61 0.0562047 -0.040794
7.62 0.0557948 -0.0405022
7.63 0.0553877 -0.0402124
7.64 0.0549836 -0.0399246
7.65 0.0545823 -0.0396388
7.66 0.0541839 -0.039355
7.67 0.0537884 -0.0390731
7.68 0.0533957 -0.0387933
7.69 0.0530058 -0.0385153
7.7 0.0526188 -0.0382393
7.71 0.0522344 -0.0379653
7.72 0.0518529 -0.0376931
7.73 0.0514741 -0.0374229
7.74 0.051098 -0.0371545
7.75 0.0507246 -0.036888
7.76 0.0503538 -0.0366234
7.77 0.0499858 -0.0363606
7.78 0.0496203 -0.0360996
7.79 0.0492575 -0.0358405
7.8 0.0488973 -0.0355832
7.81 0.0485397 -0.0353277
7.82 0.0481846 -0.035074
7.83 0.0478321 -0.034822
7.84 0.0474822 -0.0345718
7.85 0.0471347 -0.0343234
7.86 0.0467898 -0.0340767
7.87 0.0464473 -0.0338317
7.88 0.0461073 -0.0335884
7.89 0.0457697 -0.0333469
7.9 0.0454346 -0.033107
7.91 0.0451018 -0.0328688
7.92 0.0447715 -0.0326323
7.93 0.0444435 -0.0323975
7.94 0.0441179 -0.0321643
7.95 0.0437947 -0.0319327
7.96 0.0434738 -0.0317027
7.97 0.0431551 -0.0314744
7.98 0.0428388 -0.0312477
7.99 0.0425248 -0.0310226
8 0.042213 -0.030799
8.01 0.0419035 -0.030577
8.02 0.0415961 -0.0303566
8.03 0.0412911 -0.0301378
8.04 0.0409882 -0.0299204
8.05 0.0406875 -0.0297046
8.06 0.0403889 -0.0294904
8.07 0.0400925 -0.0292776
8.08 0.0397983 -0.0290663
8.09 0.0395062 -0.0288565
8.1 0.0392162 -0.0286482
8.11 0.0389282 -0.0284414
8.12 0.0386424 -0.028236
8.13 0.0383586 -0.0280321
8.14 0.0380769 -0.0278296
8.15 0.0377972 -0.0276285
8.16 0.0375195 -0.0274289
8.17 0.0372439 -0.0272306
8.18 0.0369702 -0.0270338
8.19 0.0366985 -0.0268383
8.2 0.0364288 -0.0266443
8.21 0.036161 -0.0264516
8.22 0.0358952 -0.0262602
8.23 0.0356312 -0.0260703
8.24 0.0353692 -0.0258816
8.25 0.0351091 -0.0256943
8.26 0.0348509 -0.0255083
8.27 0.0345945 -0.0253237
8.28 0.03434 -0.0251403
8.29 0.0340873 -0.0249582
8.3 0.0338365 -0.0247775
8.31 0.0335875 -0.024598
8.32 0.0333403 -0.0244198
8.33 0.0330949 -0.0242428
8.34 0.0328512 -0.0240671
8.35 0.0326093 -0.0238926
8.36 0.0323692 -0.0237194
8.37 0.0321308 -0.0235474
8.38 0.0318942 -0.0233767
8.39 0.0316592 -0.0232071
8.4 0.031426 -0.0230387
8.41 0.0311945 -0.0228716
8.42 0.0309646 -0.0227056
8.43 0.0307364 -0.0225408
8.44 0.0305099 -0.0223772
8.45 0.030285 -0.0222147
8.46 0.0300617 -0.0220534
8.47 0.0298401 -0.0218932
8.48 0.02962 -0.0217342
8.49 0.0294016 -0.0215763
8.5 0.0291848 -0.0214195
8.51 0.0289695 -0.0212639
8.52 0.0287558 -0.0211093
8.53 0.0285436 -0.0209559
8.54 0.028333 -0.0208035
8.55 0.0281239 -0.0206523
8.56 0.0279164 -0.0205021
8.57 0.0277103 -0.0203529
8.58 0.0275058 -0.0202049
8.59 0.0273027 -0.0200579
8.6 0.0271011 -0.0199119
8.61 0.026901 -0.019767
8.62 0.0267023 -0.0196231
8.63 0.0265051 -0.0194803
8.64 0.0263094 -0.0193384
8.65 0.026115 -0.0191976
8.66 0.0259221 -0.0190578
8.67 0.0257305 -0.018919
8.68 0.0255404 -0.0187811
8.69 0.0253516 -0.0186443
8.7 0.0251643 -0.0185084
8.71 0.0249782 -0.0183735
8.72 0.0247936 -0.0182396
8.73 0.0246103 -0.0181066
8.74 0.0244283 -0.0179746
8.75 0.0242477 -0.0178435
8.76 0.0240683 -0.0177133
8.77 0.0238903 -0.0175841
8.78 0.0237136 -0.0174558
8.79 0.0235381 -0.0173284
8.8 0.023364 -0.017202
8.81 0.0231911 -0.0170764
8.82 0.0230195 -0.0169518
8.83 0.0228491 -0.016828
8.84 0.02268 -0.0167051
8.85 0.0225121 -0.0165831
8.86 0.0223454 -0.016462
8.87 0.02218 -0.0163418
8.88 0.0220158 -0.0162224
8.89 0.0218527 -0.0161038
8.9 0.0216909 -0.0159861
8.91 0.0215302 -0.0158693
8.92 0.0213707 -0.0157533
8.93 0.0212124 -0.0156381
8.94 0.0210552 -0.0155238
8.95 0.0208992 -0.0154103
8.96 0.0207443 -0.0152975
8.97 0.0205906 -0.0151856
8.98 0.020438 -0.0150745
8.99 0.0202865 -0.0149643
9 0.0201361 -0.0148547
9.01 0.0199868 -0.014746
9.02 0.0198386 -0.0146381
9.03 0.0196915 -0.0145309
9.04 0.0195454 -0.0144245
9.05 0.0194005 -0.0143189
9.06 0.0192566 -0.014214
9.07 0.0191137 -0.0141099
9.08 0.0189719 -0.0140066
9.09 0.0188311 -0.013904
9.1 0.0186914 -0.0138021
9.11 0.0185527 -0.0137009
9.12 0.018415 -0.0136005
9.13 0.0182783 -0.0135008
9.14 0.0181426 -0.0134018
9.15 0.0180079 -0.0133036
9.16 0.0178742 -0.013206
9.17 0.0177415 -0.0131092
9.18 0.0176097 -0.013013
9.19 0.017479 -0.0129176
9.2 0.0173491 -0.0128228
9.21 0.0172203 -0.0127287
9.22 0.0170923 -0.0126353
9.23 0.0169654 -0.0125426
9.24 0.0168393 -0.0124505
9.25 0.0167142 -0.0123591
9.26 0.01659 -0.0122683
9.27 0.0164667 -0.0121783
9.28 0.0163443 -0.0120888
9.29 0.0162228 -0.012
9.3 0.0161022 -0.0119119
9.31 0.0159825 -0.0118244
9.32 0.0158636 -0.0117375
9.33 0.0157457 -0.0116512
9.34 0.0156286 -0.0115656
9.35 0.0155123 -0.0114806
9.36 0.0153969 -0.0113962
9.37 0.0152824 -0.0113124
9.38 0.0151687 -0.0112293
9.39 0.0150559 -0.0111467
9.4 0.0149438 -0.0110647
9.41 0.0148326 -0.0109833
9.42 0.0147222 -0.0109025
9.43 0.0146127 -0.0108223
9.44 0.0145039 -0.0107427
9.45 0.0143959 -0.0106636
9.46 0.0142888 -0.0105851
9.47 0.0141824 -0.0105072
9.48 0.0140768 -0.0104299
9.49 0.013972 -0.0103531
9.5 0.0138679 -0.0102769
9.51 0.0137646 -0.0102012
9.52 0.0136621 -0.0101261
9.53 0.0135603 -0.0100515
9.54 0.0134593 -0.00997743
9.55 0.013359 -0.00990392
9.56 0.0132595 -0.00983095
9.57 0.0131607 -0.0097585
9.58 0.0130626 -0.00968659
9.59 0.0129653 -0.00961519
9.6 0.0128686 -0.00954431
9.61 0.0127727 -0.00947395
9.62 0.0126775 -0.0094041
9.63 0.012583 -0.00933475
9.64 0.0124892 -0.00926591
9.65 0.0123961 -0.00919757
9.66 0.0123036 -0.00912973
9.67 0.0122119 -0.00906237
9.68 0.0121208 -0.00899551
9.69 0.0120304 -0.00892914
9.7 0.0119406 -0.00886324
9.71 0.0118516 -0.00879783
9.72 0.0117631 -0.00873289
9.73 0.0116754 -0.00866843
9.74 0.0115883 -0.00860443
9.75 0.0115018 -0.0085409
9.76 0.0114159 -0.00847783
9.77 0.0113307 -0.00841522
9.78 0.0112462 -0.00835306
9.79 0.0111622 -0.00829136
9.8 0.0110789 -0.00823011
9.81 0.0109962 -0.0081693
9.82 0.0109141 -0.00810894
9.83 0.0108326 -0.00804902
9.84 0.0107517 -0.00798953
9.85 0.0106714 -0.00793048
9.86 0.0105917 -0.00787185
9.87 0.0105126 -0.00781366
9.88 0.010434 -0.00775588
9.89 0.0103561 -0.00769853
9.9 0.0102787 -0.0076416
9.91 0.0102019 -0.00758508
9.92 0.0101257 -0.00752898
9.93 0.01005 -0.00747328
9.94 0.00997492 -0.007418
9.95 0.00990036 -0.00736311
9.96 0.00982636 -0.00730862
9.97 0.00975291 -0.00725454
9.98 0.00968 -0.00720084
9.99 0.00960763 -0.00714754
10 0.0095358 -0.00709463
10.01 0.0094645 -0.00704211
10.02 0.00939372 -0.00698997
10.03 0.00932347 -0.00693821
10.04 0.00925374 -0.00688682
10.05 0.00918453 -0.00683582
10.06 0.00911583 -0.00678518
10.07 0.00904763 -0.00673492
10.08 0.00897995 -0.00668502
10.09 0.00891276 -0.00663549
10.1 0.00884607 -0.00658632
10.11 0.00877988 -0.00653751
10.12 0.00871418 -0.00648906
10.13 0.00864896 -0.00644096
10.14 0.00858423 -0.00639321
10.15 0.00851997 -0.00634582
10.16 0.0084562 -0.00629877
10.17 0.00839289 -0.00625206
10.18 0.00833006 -0.0062057
10.19 0.00826769 -0.00615967
10.2 0.00820579 -0.00611398
10.21 0.00814434 -0.00606863
10.22 0.00808335 -0.00602361
10.23 0.00802281 -0.00597892
10.24 0.00796272 -0.00593455
10.25 0.00790308 -0.00589052
10.26 0.00784388 -0.0058468
10.27 0.00778512 -0.0058034
10.28 0.00772679 -0.00576033
10.29 0.0076689 -0.00571756
10.3 0.00761144 -0.00567512
10.31 0.0075544 -0.00563298
10.32 0.00749779 -0.00559115
10.33 0.0074416 -0.00554963
10.34 0.00738582 -0.00550841
10.35 0.00733046 -0.0054675
10.36 0.00727551 -0.00542688
10.37 0.00722097 -0.00538657
10.38 0.00716683 -0.00534655
10.39 0.0071131 -0.00530682
10.4 0.00705977 -0.00526739
10.41 0.00700683 -0.00522824
10.42 0.00695428 -0.00518938
10.43 0.00690213 -0.00515081
10.44 0.00685036 -0.00511252
10.45 0.00679898 -0.00507451
10.46 0.00674798 -0.00503678
10.47 0.00669736 -0.00499933
10.48 0.00664712 -0.00496216
10.49 0.00659725 -0.00492525
10.5 0.00654775 -0.00488862
10.51 0.00649862 -0.00485226
10.52 0.00644985 -0.00481616
10.53 0.00640145 -0.00478033
10.54 0.0063534 -0.00474476
10.55 0.00630572 -0.00470946
10.56 0.00625839 -0.00467441
10.57 0.00621141 -0.00463963
10.58 0.00616478 -0.00460509
10.59 0.0061185 -0.00457082
10.6 0.00607256 -0.00453679
10.61 0.00602696 -0.00450302
10.62 0.00598171 -0.00446949
10.63 0.00593679 -0.00443621
10.64 0.0058922 -0.00440317
10.65 0.00584795 -0.00437038
10.66 0.00580403 -0.00433783
10.67 0.00576043 -0.00430552
10.68 0.00571716 -0.00427345
10.69 0.00567421 -0.00424161
10.7 0.00563158 -0.00421001
10.71 0.00558927 -0.00417864
10.72 0.00554728 -0.00414751
10.73 0.00550559 -0.0041166
10.74 0.00546422 -0.00408592
10.75 0.00542316 -0.00405546
10.76 0.0053824 -0.00402523
10.77 0.00534194 -0.00399523
10.78 0.00530179 -0.00396544
10.79 0.00526194 -0.00393587
10.8 0.00522238 -0.00390653
10.81 0.00518312 -0.00387739
10.82 0.00514415 -0.00384848
10.83 0.00510547 -0.00381977
10.84 0.00506708 -0.00379128
10.85 0.00502898 -0.003763
10.86 0.00499116 -0.00373493
10.87 0.00495363 -0.00370706
10.88 0.00491637 -0.0036794
10.89 0.00487939 -0.00365195
10.9 0.00484269 -0.0036247
10.91 0.00480626 -0.00359764
10.92 0.0047701 -0.00357079
10.93 0.00473422 -0.00354414
10.94 0.0046986 -0.00351768
10.95 0.00466324 -0.00349142
10.96 0.00462815 -0.00346535
10.97 0.00459333 -0.00343948
10.98 0.00455876 -0.0034138
10.99 0.00452445 -0.0033883
11 0.0044904 -0.003363
11.01 0.0044566 -0.00333788
11.02 0.00442305 -0.00331295
11.03 0.00438976 -0.0032882
11.04 0.00435671 -0.00326363
11.05 0.00432391 -0.00323925
11.06 0.00429135 -0.00321505
11.07 0.00425904 -0.00319102
11.08 0.00422697 -0.00316718
11.09 0.00419514 -0.00314351
11.1 0.00416355 -0.00312001
11.11 0.00413219 -0.00309669
11.12 0.00410107 -0.00307354
11.13 0.00407018 -0.00305056
11.14 0.00403952 -0.00302776
11.15 0.00400909 -0.00300512
11.16 0.00397889 -0.00298265
11.17 0.00394891 -0.00296034
11.18 0.00391916 -0.0029382
11.19 0.00388963 -0.00291623
11.2 0.00386032 -0.00289442
11.21 0.00383123 -0.00287277
11.22 0.00380236 -0.00285128
11.23 0.00377371 -0.00282994
11.24 0.00374527 -0.00280877
11.25 0.00371704 -0.00278775
11.26 0.00368902 -0.00276689
11.27 0.00366121 -0.00274619
11.28 0.00363361 -0.00272563
11.29 0.00360622 -0.00270523
11.3 0.00357903 -0.00268499
11.31 0.00355205 -0.00266489
11.32 0.00352526 -0.00264494
11.33 0.00349868 -0.00262513
11.34 0.0034723 -0.00260548
11.35 0.00344611 -0.00258597
11.36 0.00342012 -0.00256661
11.37 0.00339433 -0.00254738
11.38 0.00336873 -0.00252831
11.39 0.00334332 -0.00250937
11.4 0.0033181 -0.00249057
11.41 0.00329307 -0.00247192
11.42 0.00326822 -0.0024534
11.43 0.00324357 -0.00243502
11.44 0.00321909 -0.00241677
11.45 0.00319481 -0.00239866
11.46 0.0031707 -0.00238069
11.47 0.00314677 -0.00236285
11.48 0.00312303 -0.00234514
11.49 0.00309946 -0.00232756
11.5 0.00307606 -0.00231011
11.51 0.00305285 -0.0022928
11.52 0.0030298 -0.00227561
11.53 0.00300693 -0.00225855
11.54 0.00298423 -0.00224162
11.55 0.00296171 -0.00222481
11.56 0.00293935 -0.00220812
11.57 0.00291715 -0.00219156
11.58 0.00289513 -0.00217513
11.59 0.00287327 -0.00215881
11.6 0.00285157 -0.00214262
11.61 0.00283004 -0.00212655
11.62 0.00280867 -0.0021106
11.63 0.00278745 -0.00209476
11.64 0.0027664 -0.00207905
11.65 0.00274551 -0.00206345
11.66 0.00272477 -0.00204796
11.67 0.00270419 -0.00203259
11.68 0.00268376 -0.00201734
11.69 0.00266348 -0.0020022
11.7 0.00264336 -0.00198717
11.71 0.00262339 -0.00197226
11.72 0.00260357 -0.00195745
11.73 0.0025839 -0.00194276
11.74 0.00256437 -0.00192817
11.75 0.00254499 -0.00191369
11.76 0.00252576 -0.00189933
11.77 0.00250667 -0.00188506
11.78 0.00248773 -0.00187091
11.79 0.00246892 -0.00185686
11.8 0.00245026 -0.00184291
11.81 0.00243174 -0.00182907
11.82 0.00241336 -0.00181533
11.83 0.00239511 -0.00180169
11.84 0.00237701 -0.00178816
11.85 0.00235903 -0.00177472
11.86 0.0023412 -0.00176139
11.87 0.0023235 -0.00174815
11.88 0.00230593 -0.00173502
11.89 0.00228849 -0.00172198
11.9 0.00227118 -0.00170904
11.91 0.00225401 -0.00169619
11.92 0.00223696 -0.00168345
11.93 0.00222004 -0.00167079
11.94 0.00220325 -0.00165823
11.95 0.00218658 -0.00164577
11.96 0.00217004 -0.00163339
11.97 0.00215363 -0.00162111
11.98 0.00213734 -0.00160892
11.99 0.00212117 -0.00159683
12 0.00210512 -0.00158482
12.01 0.00208919 -0.0015729
12.02 0.00207338 -0.00156107
12.03 0.00205769 -0.00154933
12.04 0.00204212 -0.00153768
12.05 0.00202667 -0.00152611
12.06 0.00201133 -0.00151463
12.07 0.00199611 -0.00150323
12.08 0.001981 -0.00149192
12.09 0.00196601 -0.0014807
12.1 0.00195112 -0.00146956
12.11 0.00193636 -0.0014585
12.12 0.0019217 -0.00144752
12.13 0.00190715 -0.00143663
12.14 0.00189271 -0.00142582
12.15 0.00187838 -0.00141509
12.16 0.00186416 -0.00140444
12.17 0.00185004 -0.00139386
12.18 0.00183604 -0.00138337
12.19 0.00182213 -0.00137296
12.2 0.00180833 -0.00136262
12.21 0.00179464 -0.00135236
12.22 0.00178105 -0.00134218
12.23 0.00176756 -0.00133207
12.24 0.00175417 -0.00132204
12.25 0.00174088 -0.00131208
12.26 0.0017277 -0.0013022
12.27 0.00171461 -0.00129239
12.28 0.00170162 -0.00128266
12.29 0.00168873 -0.001273
12.3 0.00167594 -0.00126341
12.31 0.00166324 -0.00125389
12.32 0.00165064 -0.00124444
12.33 0.00163813 -0.00123507
12.34 0.00162572 -0.00122576
12.35 0.0016134 -0.00121653
12.36 0.00160117 -0.00120736
12.37 0.00158904 -0.00119826
12.38 0.001577 -0.00118923
12.39 0.00156504 -0.00118027
12.4 0.00155318 -0.00117137
12.41 0.00154141 -0.00116254
12.42 0.00152973 -0.00115378
12.43 0.00151813 -0.00114508
12.44 0.00150662 -0.00113645
12.45 0.0014952 -0.00112788
12.46 0.00148387 -0.00111937
12.47 0.00147262 -0.00111093
12.48 0.00146145 -0.00110256
12.49 0.00145037 -0.00109424
12.5 0.00143937 -0.00108599
12.51 0.00142846 -0.0010778
12.52 0.00141763 -0.00106967
12.53 0.00140688 -0.0010616
12.54 0.00139621 -0.0010536
12.55 0.00138562 -0.00104565
12.56 0.00137511 -0.00103776
12.57 0.00136468 -0.00102993
12.58 0.00135433 -0.00102216
12.59 0.00134405 -0.00101445
12.6 0.00133386 -0.00100679
12.61 0.00132374 -0.000999197
12.62 0.0013137 -0.000991657
12.63 0.00130373 -0.000984173
12.64 0.00129384 -0.000976746
12.65 0.00128402 -0.000969374
12.66 0.00127428 -0.000962057
12.67 0.00126461 -0.000954796
12.68 0.00125502 -0.000947588
12.69 0.00124549 -0.000940435
12.7 0.00123604 -0.000933335
12.71 0.00122666 -0.000926289
12.72 0.00121735 -0.000919295
12.73 0.00120811 -0.000912354
12.74 0.00119894 -0.000905465
12.75 0.00118984 -0.000898628
12.76 0.00118081 -0.000891842
12.77 0.00117185 -0.000885106
12.78 0.00116295 -0.000878422
12.79 0.00115413 -0.000871787
12.8 0.00114537 -0.000865203
12.81 0.00113667 -0.000858667
12.82 0.00112804 -0.000852181
12.83 0.00111948 -0.000845743
12.84 0.00111098 -0.000839354
12.85 0.00110254 -0.000833013
12.86 0.00109417 -0.000826719
12.87 0.00108586 -0.000820472
12.88 0.00107761 -0.000814273
12.89 0.00106943 -0.00080812
12.9 0.00106131 -0.000802013
12.91 0.00105325 -0.000795952
12.92 0.00104525 -0.000789936
12.93 0.00103731 -0.000783966
12.94 0.00102943 -0.00077804
12.95 0.00102161 -0.000772159
12.96 0.00101385 -0.000766323
12.97 0.00100615 -0.00076053
12.98 0.000998505 -0.00075478
12.99 0.00099092 -0.000749074
13 0.000983391 -0.00074341
13.01 0.00097592 -0.000737789
13.02 0.000968505 -0.000732211
13.03 0.000961146 -0.000726674
13.04 0.000953843 -0.000721179
13.05 0.000946595 -0.000715725
13.06 0.000939402 -0.000710312
13.07 0.000932263 -0.00070494
13.08 0.000925178 -0.000699608
13.09 0.000918147 -0.000694317
13.1 0.000911169 -0.000689065
13.11 0.000904244 -0.000683852
13.12 0.000897371 -0.000678679
13.13 0.00089055 -0.000673545
13.14 0.000883781 -0.000668449
13.15 0.000877063 -0.000663391
13.16 0.000870396 -0.000658372
13.17 0.000863779 -0.00065339
13.18 0.000857212 -0.000648446
13.19 0.000850695 -0.000643539
13.2 0.000844228 -0.000638669
13.21 0.000837809 -0.000633836
13.22 0.000831439 -0.000629039
13.23 0.000825117 -0.000624278
13.24 0.000818843 -0.000619552
13.25 0.000812616 -0.000614863
13.26 0.000806437 -0.000610208
13.27 0.000800304 -0.000605589
13.28 0.000794218 -0.000601005
13.29 0.000788178 -0.000596454
13.3 0.000782183 -0.000591939
13.31 0.000776234 -0.000587457
13.32 0.00077033 -0.000583009
13.33 0.000764471 -0.000578594
13.34 0.000758656 -0.000574213
13.35 0.000752885 -0.000569864
13.36 0.000747158 -0.000565549
13.37 0.000741474 -0.000561266
13.38 0.000735833 -0.000557015
13.39 0.000730235 -0.000552796
13.4 0.000724679 -0.000548609
13.41 0.000719165 -0.000544453
13.42 0.000713694 -0.000540329
13.43 0.000708263 -0.000536235
13.44 0.000702874 -0.000532173
13.45 0.000697526 -0.000528141
13.46 0.000692218 -0.00052414
13.47 0.00068695 -0.000520169
13.48 0.000681722 -0.000516227
13.49 0.000676534 -0.000512316
13.5 0.000671385 -0.000508433
13.51 0.000666275 -0.00050458
13.52 0.000661204 -0.000500757
13.53 0.000656171 -0.000496961
13.54 0.000651177 -0.000493195
13.55 0.00064622 -0.000489457
13.56 0.000641301 -0.000485747
13.57 0.000636419 -0.000482065
13.58 0.000631574 -0.000478411
13.59 0.000626766 -0.000474784
13.6 0.000621995 -0.000471185
13.61 0.000617259 -0.000467613
13.62 0.00061256 -0.000464067
13.63 0.000607896 -0.000460549
13.64 0.000603267 -0.000457057
13.65 0.000598674 -0.000453591
13.66 0.000594115 -0.000450152
13.67 0.000589591 -0.000446738
13.68 0.000585101 -0.00044335
13.69 0.000580645 -0.000439988
13.7 0.000576223 -0.000436651
13.71 0.000571835 -0.000433339
13.72 0.00056748 -0.000430053
13.73 0.000563158 -0.000426791
13.74 0.000558868 -0.000423553
13.75 0.000554612 -0.000420341
13.76 0.000550387 -0.000417152
13.77 0.000546195 -0.000413987
13.78 0.000542034 -0.000410847
13.79 0.000537905 -0.000407729
13.8 0.000533807 -0.000404636
13.81 0.00052974 -0.000401566
13.82 0.000525705 -0.000398519
13.83 0.000521699 -0.000395495
13.84 0.000517725 -0.000392494
13.85 0.00051378 -0.000389515
13.86 0.000509865 -0.000386559
13.87 0.00050598 -0.000383625
13.88 0.000502125 -0.000380714
13.89 0.000498299 -0.000377824
13.9 0.000494501 -0.000374957
13.91 0.000490733 -0.000372111
13.92 0.000486993 -0.000369286
13.93 0.000483282 -0.000366483
13.94 0.000479599 -0.000363701
13.95 0.000475943 -0.00036094
13.96 0.000472316 -0.000358199
13.97 0.000468716 -0.00035548
13.98 0.000465143 -0.000352781
13.99 0.000461598 -0.000350102
14 0.000458079 -0.000347444
14.01 0.000454587 -0.000344806
14.02 0.000451122 -0.000342187
14.03 0.000447683 -0.000339589
14.04 0.00044427 -0.00033701
14.05 0.000440883 -0.00033445
14.06 0.000437522 -0.00033191
14.07 0.000434186 -0.000329389
14.08 0.000430876 -0.000326887
14.09 0.00042759 -0.000324405
14.1 0.00042433 -0.00032194
14.11 0.000421094 -0.000319495
14.12 0.000417884 -0.000317068
14.13 0.000414697 -0.000314659
14.14 0.000411535 -0.000312269
14.15 0.000408396 -0.000309896
14.16 0.000405282 -0.000307542
14.17 0.000402191 -0.000305205
14.18 0.000399123 -0.000302886
14.19 0.000396079 -0.000300584
14.2 0.000393059 -0.0002983
14.21 0.000390061 -0.000296034
14.22 0.000387085 -0.000293784
14.23 0.000384133 -0.000291551
14.24 0.000381203 -0.000289336
14.25 0.000378295 -0.000287137
14.26 0.000375409 -0.000284954
14.27 0.000372545 -0.000282788
14.28 0.000369703 -0.000280639
14.29 0.000366883 -0.000278506
14.3 0.000364084 -0.000276389
14.31 0.000361306 -0.000274288
14.32 0.000358549 -0.000272202
14.33 0.000355814 -0.000270133
14.34 0.000353099 -0.000268079
14.35 0.000350404 -0.000266041
14.36 0.000347731 -0.000264018
14.37 0.000345077 -0.000262011
14.38 0.000342444 -0.000260019
14.39 0.000339831 -0.000258041
14.4 0.000337237 -0.000256079
14.41 0.000334664 -0.000254132
14.42 0.00033211 -0.000252199
14.43 0.000329575 -0.000250281
14.44 0.00032706 -0.000248378
14.45 0.000324563 -0.000246489
14.46 0.000322086 -0.000244614
14.47 0.000319628 -0.000242754
14.48 0.000317188 -0.000240907
14.49 0.000314767 -0.000239075
14.5 0.000312364 -0.000237256
14.51 0.00030998 -0.000235451
14.52 0.000307613 -0.00023366
14.53 0.000305265 -0.000231882
14.54 0.000302935 -0.000230118
14.55 0.000300622 -0.000228367
14.56 0.000298327 -0.00022663
14.57 0.000296049 -0.000224906
14.58 0.000293789 -0.000223194
14.59 0.000291546 -0.000221496
14.6 0.00028932 -0.00021981
14.61 0.00028711 -0.000218138
14.62 0.000284918 -0.000216478
14.63 0.000282742 -0.00021483
14.64 0.000280583 -0.000213195
14.65 0.000278441 -0.000211573
14.66 0.000276314 -0.000209963
14.67 0.000274204 -0.000208364
14.68 0.00027211 -0.000206779
14.69 0.000270032 -0.000205205
14.7 0.00026797 -0.000203643
14.71 0.000265923 -0.000202092
14.72 0.000263892 -0.000200554
14.73 0.000261876 -0.000199027
14.74 0.000259876 -0.000197512
14.75 0.000257891 -0.000196008
14.76 0.000255921 -0.000194516
14.77 0.000253966 -0.000193035
14.78 0.000252026 -0.000191565
14.79 0.000250101 -0.000190107
14.8 0.00024819 -0.000188659
14.81 0.000246294 -0.000187223
14.82 0.000244413 -0.000185797
14.83 0.000242545 -0.000184382
14.84 0.000240692 -0.000182978
14.85 0.000238853 -0.000181584
14.86 0.000237028 -0.000180201
14.87 0.000235217 -0.000178829
14.88 0.00023342 -0.000177467
14.89 0.000231636 -0.000176115
14.9 0.000229866 -0.000174774
14.91 0.00022811 -0.000173443
14.92 0.000226367 -0.000172121
14.93 0.000224637 -0.00017081
14.94 0.00022292 -0.000169509
14.95 0.000221217 -0.000168218
14.96 0.000219526 -0.000166936
14.97 0.000217848 -0.000165664
14.98 0.000216183 -0.000164402
14.99 0.000214531 -0.00016315
15 0.000212891 -0.000161907
15.01 0.000211264 -0.000160673
15.02 0.000209649 -0.000159449
15.03 0.000208047 -0.000158234
15.04 0.000206457 -0.000157028
15.05 0.000204879 -0.000155831
15.06 0.000203312 -0.000154644
15.07 0.000201758 -0.000153465
15.08 0.000200216 -0.000152296
15.09 0.000198685 -0.000151135
15.1 0.000197166 -0.000149983
15.11 0.000195659 -0.00014884
15.12 0.000194163 -0.000147705
15.13 0.000192679 -0.00014658
15.14 0.000191206 -0.000145462
15.15 0.000189744 -0.000144354
15.16 0.000188293 -0.000143253
15.17 0.000186853 -0.000142161
15.18 0.000185424 -0.000141077
15.19 0.000184006 -0.000140002
15.2 0.000182599 -0.000138934
15.21 0.000181203 -0.000137875
15.22 0.000179817 -0.000136824
15.23 0.000178442 -0.000135781
15.24 0.000177078 -0.000134746
15.25 0.000175724 -0.000133718
15.26 0.00017438 -0.000132698
15.27 0.000173046 -0.000131687
15.28 0.000171723 -0.000130682
15.29 0.000170409 -0.000129686
15.3 0.000169106 -0.000128697
15.31 0.000167812 -0.000127715
15.32 0.000166529 -0.000126741
15.33 0.000165255 -0.000125775
15.34 0.000163991 -0.000124815
15.35 0.000162737 -0.000123863
15.36 0.000161492 -0.000122919
15.37 0.000160256 -0.000121981
15.38 0.00015903 -0.000121051
15.39 0.000157814 -0.000120127
15.4 0.000156607 -0.000119211
15.41 0.000155408 -0.000118302
15.42 0.00015422 -0.000117399
15.43 0.00015304 -0.000116504
15.44 0.000151869 -0.000115615
15.45 0.000150707 -0.000114733
15.46 0.000149554 -0.000113857
15.47 0.000148409 -0.000112989
15.48 0.000147274 -0.000112126
15.49 0.000146147 -0.000111271
15.5 0.000145029 -0.000110422
15.51 0.000143919 -0.000109579
15.52 0.000142818 -0.000108743
15.53 0.000141725 -0.000107913
15.54 0.00014064 -0.00010709
15.55 0.000139564 -0.000106273
15.56 0.000138496 -0.000105462
15.57 0.000137436 -0.000104657
15.58 0.000136384 -0.000103858
15.59 0.00013534 -0.000103065
15.6 0.000134305 -0.000102279
15.61 0.000133277 -0.000101498
15.62 0.000132257 -0.000100723
15.63 0.000131244 -9.99545e-05
15.64 0.00013024 -9.91915e-05
15.65 0.000129243 -9.84343e-05
15.66 0.000128254 -9.76829e-05
15.67 0.000127272 -9.69372e-05
15.68 0.000126298 -9.61972e-05
15.69 0.000125331 -9.54628e-05
15.7 0.000124371 -9.4734e-05
15.71 0.000123419 -9.40107e-05
15.72 0.000122474 -9.3293e-05
15.73 0.000121537 -9.25807e-05
15.74 0.000120606 -9.18738e-05
15.75 0.000119683 -9.11723e-05
15.76 0.000118767 -9.04761e-05
15.77 0.000117857 -8.97853e-05
15.78 0.000116955 -8.90996e-05
15.79 0.00011606 -8.84193e-05
15.8 0.000115171 -8.7744e-05
15.81 0.000114289 -8.7074e-05
15.82 0.000113414 -8.6409e-05
15.83 0.000112546 -8.57491e-05
15.84 0.000111684 -8.50942e-05
15.85 0.000110829 -8.44443e-05
15.86 0.00010998 -8.37993e-05
15.87 0.000109138 -8.31593e-05
15.88 0.000108302 -8.25241e-05
15.89 0.000107473 -8.18938e-05
15.9 0.00010665 -8.12683e-05
15.91 0.000105833 -8.06475e-05
15.92 0.000105022 -8.00314e-05
15.93 0.000104218 -7.94201e-05
15.94 0.00010342 -7.88134e-05
15.95 0.000102628 -7.82113e-05
15.96 0.000101842 -7.76138e-05
15.97 0.000101062 -7.70208e-05
15.98 0.000100288 -7.64324e-05
15.99 9.95194e-05 -7.58484e-05
16 9.87571e-05 -7.52689e-05
16.01 9.80006e-05 -7.46938e-05
16.02 9.72499e-05 -7.41231e-05
16.03 9.6505e-05 -7.35567e-05
16.04 9.57657e-05 -7.29947e-05
16.05 9.50321e-05 -7.24369e-05
16.06 9.43041e-05 -7.18834e-05
16.07 9.35817e-05 -7.13341e-05
16.08 9.28647e-05 -7.0789e-05
16.09 9.21533e-05 -7.0248e-05
16.1 9.14473e-05 -6.97111e-05
16.11 9.07467e-05 -6.91784e-05
16.12 9.00514e-05 -6.86497e-05
16.13 8.93615e-05 -6.8125e-05
16.14 8.86768e-05 -6.76043e-05
16.15 8.79974e-05 -6.70876e-05
16.16 8.73231e-05 -6.65748e-05
16.17 8.66541e-05 -6.6066e-05
16.18 8.59901e-05 -6.5561e-05
16.19 8.53312e-05 -6.50598e-05
16.2 8.46773e-05 -6.45625e-05
16.21 8.40285e-05 -6.4069e-05
16.22 8.33846e-05 -6.35792e-05
16.23 8.27456e-05 -6.30932e-05
16.24 8.21115e-05 -6.26109e-05
16.25 8.14822e-05 -6.21322e-05
16.26 8.08578e-05 -6.16572e-05
16.27 8.02381e-05 -6.11858e-05
16.28 7.96232e-05 -6.0718e-05
16.29 7.9013e-05 -6.02538e-05
16.3 7.84074e-05 -5.97931e-05
16.31 7.78065e-05 -5.93359e-05
16.32 7.72101e-05 -5.88822e-05
16.33 7.66184e-05 -5.8432e-05
16.34 7.60311e-05 -5.79852e-05
16.35 7.54484e-05 -5.75418e-05
16.36 7.487e-05 -5.71017e-05
16.37 7.42962e-05 -5.66651e-05
16.38 7.37267e-05 -5.62318e-05
16.39 7.31615e-05 -5.58017e-05
16.4 7.26007e-05 -5.5375e-05
16.41 7.20442e-05 -5.49515e-05
16.42 7.14919e-05 -5.45312e-05
16.43 7.09439e-05 -5.41141e-05
16.44 7.04e-05 -5.37003e-05
16.45 6.98603e-05 -5.32895e-05
16.46 6.93247e-05 -5.28819e-05
16.47 6.87933e-05 -5.24775e-05
16.48 6.82659e-05 -5.20761e-05
16.49 6.77425e-05 -5.16777e-05
16.5 6.72231e-05 -5.12824e-05
16.51 6.67077e-05 -5.08901e-05
16.52 6.61963e-05 -5.05008e-05
16.53 6.56887e-05 -5.01145e-05
16.54 6.51851e-05 -4.97311e-05
16.55 6.46853e-05 -4.93507e-05
16.56 6.41893e-05 -4.89731e-05
16.57 6.36971e-05 -4.85985e-05
16.58 6.32087e-05 -4.82267e-05
16.59 6.2724e-05 -4.78577e-05
16.6 6.2243e-05 -4.74915e-05
16.61 6.17657e-05 -4.71281e-05
16.62 6.12921e-05 -4.67676e-05
16.63 6.0822e-05 -4.64097e-05
16.64 6.03556e-05 -4.60546e-05
16.65 5.98928e-05 -4.57022e-05
16.66 5.94334e-05 -4.53525e-05
16.67 5.89776e-05 -4.50054e-05
16.68 5.85253e-05 -4.4661e-05
16.69 5.80765e-05 -4.43193e-05
16.7 5.76311e-05 -4.39801e-05
16.71 5.71891e-05 -4.36435e-05
16.72 5.67504e-05 -4.33095e-05
16.73 5.63152e-05 -4.29781e-05
16.74 5.58832e-05 -4.26491e-05
16.75 5.54546e-05 -4.23227e-05
16.76 5.50293e-05 -4.19988e-05
16.77 5.46072e-05 -4.16773e-05
16.78 5.41883e-05 -4.13583e-05
16.79 5.37726e-05 -4.10418e-05
16.8 5.33602e-05 -4.07276e-05
16.81 5.29508e-05 -4.04159e-05
16.82 5.25447e-05 -4.01065e-05
16.83 5.21416e-05 -3.97995e-05
16.84 5.17416e-05 -3.94948e-05
16.85 5.13447e-05 -3.91925e-05
16.86 5.09508e-05 -3.88925e-05
16.87 5.05599e-05 -3.85947e-05
16.88 5.0172e-05 -3.82993e-05
16.89 4.97871e-05 -3.80061e-05
16.9 4.94051e-05 -3.77151e-05
16.91 4.90261e-05 -3.74263e-05
16.92 4.86499e-05 -3.71398e-05
16.93 4.82767e-05 -3.68554e-05
16.94 4.79063e-05 -3.65733e-05
16.95 4.75387e-05 -3.62932e-05
16.96 4.7174e-05 -3.60153e-05
16.97 4.6812e-05 -3.57396e-05
16.98 4.64528e-05 -3.54659e-05
16.99 4.60964e-05 -3.51943e-05
17 4.57427e-05 -3.49248e-05
17.01 4.53917e-05 -3.46574e-05
17.02 4.50433e-05 -3.4392e-05
17.03 4.46977e-05 -3.41286e-05
17.04 4.43547e-05 -3.38673e-05
17.05 4.40143e-05 -3.36079e-05
17.06 4.36766e-05 -3.33505e-05
17.07 4.33414e-05 -3.30951e-05
17.08 4.30088e-05 -3.28416e-05
17.09 4.26787e-05 -3.25901e-05
17.1 4.23512e-05 -3.23405e-05
17.11 4.20261e-05 -3.20928e-05
17.12 4.17036e-05 -3.1847e-05
17.13 4.13835e-05 -3.16031e-05
17.14 4.10659e-05 -3.1361e-05
17.15 4.07507e-05 -3.11208e-05
17.16 4.0438e-05 -3.08824e-05
17.17 4.01276e-05 -3.06458e-05
17.18 3.98196e-05 -3.04111e-05
17.19 3.9514e-05 -3.01781e-05
17.2 3.92107e-05 -2.99469e-05
17.21 3.89097e-05 -2.97175e-05
17.22 3.8611e-05 -2.94899e-05
17.23 3.83147e-05 -2.92639e-05
17.24 3.80206e-05 -2.90397e-05
17.25 3.77287e-05 -2.88173e-05
17.26 3.74391e-05 -2.85965e-05
17.27 3.71517e-05 -2.83774e-05
17.28 3.68665e-05 -2.816e-05
17.29 3.65835e-05 -2.79442e-05
17.3 3.63026e-05 -2.77301e-05
17.31 3.60239e-05 -2.75176e-05
17.32 3.57474e-05 -2.73068e-05
17.33 3.54729e-05 -2.70976e-05
17.34 3.52006e-05 -2.68899e-05
17.35 3.49304e-05 -2.66839e-05
17.36 3.46622e-05 -2.64794e-05
17.37 3.43961e-05 -2.62765e-05
17.38 3.4132e-05 -2.60751e-05
17.39 3.38699e-05 -2.58753e-05
17.4 3.36099e-05 -2.5677e-05
17.41 3.33518e-05 -2.54802e-05
17.42 3.30957e-05 -2.5285e-05
17.43 3.28416e-05 -2.50912e-05
17.44 3.25894e-05 -2.48989e-05
17.45 3.23392e-05 -2.47081e-05
17.46 3.20909e-05 -2.45187e-05
17.47 3.18445e-05 -2.43308e-05
17.48 3.15999e-05 -2.41443e-05
17.49 3.13573e-05 -2.39592e-05
17.5 3.11165e-05 -2.37756e-05
17.51 3.08775e-05 -2.35933e-05
17.52 3.06404e-05 -2.34125e-05
17.53 3.04051e-05 -2.3233e-05
17.54 3.01716e-05 -2.3055e-05
17.55 2.99399e-05 -2.28782e-05
17.56 2.971e-05 -2.27028e-05
17.57 2.94818e-05 -2.25288e-05
17.58 2.92554e-05 -2.23561e-05
17.59 2.90307e-05 -2.21847e-05
17.6 2.88078e-05 -2.20147e-05
17.61 2.85865e-05 -2.18459e-05
17.62 2.83669e-05 -2.16784e-05
17.63 2.81491e-05 -2.15122e-05
17.64 2.79329e-05 -2.13473e-05
17.65 2.77183e-05 -2.11836e-05
17.66 2.75054e-05 -2.10212e-05
17.67 2.72942e-05 -2.086e-05
17.68 2.70845e-05 -2.07001e-05
17.69 2.68765e-05 -2.05414e-05
17.7 2.667e-05 -2.03839e-05
17.71 2.64652e-05 -2.02276e-05
17.72 2.62619e-05 -2.00725e-05
17.73 2.60602e-05 -1.99186e-05
17.74 2.586e-05 -1.97658e-05
17.75 2.56613e-05 -1.96142e-05
17.76 2.54642e-05 -1.94638e-05
17.77 2.52686e-05 -1.93146e-05
17.78 2.50745e-05 -1.91665e-05
17.79 2.48818e-05 -1.90195e-05
17.8 2.46907e-05 -1.88736e-05
17.81 2.4501e-05 -1.87289e-05
17.82 2.43128e-05 -1.85853e-05
17.83 2.4126e-05 -1.84427e-05
17.84 2.39406e-05 -1.83013e-05
17.85 2.37567e-05 -1.81609e-05
17.86 2.35742e-05 -1.80216e-05
17.87 2.33931e-05 -1.78834e-05
17.88 2.32133e-05 -1.77462e-05
17.89 2.3035e-05 -1.76101e-05
17.9 2.2858e-05 -1.7475e-05
17.91 2.26824e-05 -1.7341e-05
17.92 2.25081e-05 -1.7208e-05
17.93 2.23351e-05 -1.7076e-05
17.94 2.21635e-05 -1.6945e-05
17.95 2.19932e-05 -1.6815e-05
17.96 2.18242e-05 -1.66861e-05
17.97 2.16565e-05 -1.65581e-05
17.98 2.14901e-05 -1.6431e-05
17.99 2.1325e-05 -1.6305e-05
18 2.11611e-05 -1.61799e-05
18.01 2.09985e-05 -1.60558e-05
18.02 2.08372e-05 -1.59326e-05
18.03 2.0677e-05 -1.58104e-05
18.04 2.05181e-05 -1.56891e-05
18.05 2.03605e-05 -1.55687e-05
18.06 2.0204e-05 -1.54493e-05
18.07 2.00487e-05 -1.53307e-05
18.08 1.98946e-05 -1.52131e-05
18.09 1.97417e-05 -1.50964e-05
18.1 1.959e-05 -1.49806e-05
18.11 1.94395e-05 -1.48656e-05
18.12 1.92901e-05 -1.47515e-05
18.13 1.91418e-05 -1.46384e-05
18.14 1.89947e-05 -1.4526e-05
18.15 1.88487e-05 -1.44146e-05
18.16 1.87038e-05 -1.4304e-05
18.17 1.85601e-05 -1.41942e-05
18.18 1.84174e-05 -1.40853e-05
18.19 1.82759e-05 -1.39772e-05
18.2 1.81354e-05 -1.38699e-05
18.21 1.7996e-05 -1.37635e-05
18.22 1.78577e-05 -1.36579e-05
18.23 1.77204e-05 -1.35531e-05
18.24 1.75842e-05 -1.3449e-05
18.25 1.7449e-05 -1.33458e-05
18.26 1.73149e-05 -1.32434e-05
18.27 1.71818e-05 -1.31418e-05
18.28 1.70497e-05 -1.30409e-05
18.29 1.69187e-05 -1.29408e-05
18.3 1.67886e-05 -1.28415e-05
18.31 1.66595e-05 -1.27429e-05
18.32 1.65315e-05 -1.26451e-05
18.33 1.64044e-05 -1.25481e-05
18.34 1.62783e-05 -1.24518e-05
18.35 1.61531e-05 -1.23562e-05
18.36 1.6029e-05 -1.22613e-05
18.37 1.59057e-05 -1.21672e-05
18.38 1.57834e-05 -1.20738e-05
18.39 1.56621e-05 -1.19811e-05
18.4 1.55417e-05 -1.18892e-05
18.41 1.54222e-05 -1.17979e-05
18.42 1.53036e-05 -1.17073e-05
18.43 1.5186e-05 -1.16175e-05
18.44 1.50692e-05 -1.15283e-05
18.45 1.49534e-05 -1.14398e-05
18.46 1.48384e-05 -1.1352e-05
18.47 1.47243e-05 -1.12648e-05
18.48 1.46111e-05 -1.11783e-05
18.49 1.44987e-05 -1.10925e-05
18.5 1.43873e-05 -1.10074e-05
18.51 1.42766e-05 -1.09228e-05
18.52 1.41669e-05 -1.0839e-05
18.53 1.40579e-05 -1.07558e-05
18.54 1.39498e-05 -1.06732e-05
18.55 1.38426e-05 -1.05912e-05
18.56 1.37361e-05 -1.05099e-05
18.57 1.36305e-05 -1.04292e-05
18.58 1.35257e-05 -1.03491e-05
18.59 1.34217e-05 -1.02697e-05
18.6 1.33184e-05 -1.01908e-05
18.61 1.3216e-05 -1.01126e-05
18.62 1.31144e-05 -1.00349e-05
18.63 1.30135e-05 -9.95786e-06
18.64 1.29135e-05 -9.88139e-06
18.65 1.28142e-05 -9.80551e-06
18.66 1.27156e-05 -9.73021e-06
18.67 1.26178e-05 -9.65549e-06
18.68 1.25208e-05 -9.58134e-06
18.69 1.24245e-05 -9.50776e-06
18.7 1.23289e-05 -9.43475e-06
18.71 1.22341e-05 -9.36229e-06
18.72 1.214e-05 -9.29039e-06
18.73 1.20466e-05 -9.21904e-06
18.74 1.1954e-05 -9.14824e-06
18.75 1.1862e-05 -9.07798e-06
18.76 1.17708e-05 -9.00825e-06
18.77 1.16803e-05 -8.93907e-06
18.78 1.15904e-05 -8.87041e-06
18.79 1.15013e-05 -8.80228e-06
18.8 1.14128e-05 -8.73467e-06
18.81 1.1325e-05 -8.66758e-06
18.82 1.12379e-05 -8.60101e-06
18.83 1.11515e-05 -8.53494e-06
18.84 1.10657e-05 -8.46939e-06
18.85 1.09806e-05 -8.40433e-06
18.86 1.08961e-05 -8.33977e-06
18.87 1.08123e-05 -8.27571e-06
18.88 1.07291e-05 -8.21214e-06
18.89 1.06466e-05 -8.14906e-06
18.9 1.05647e-05 -8.08646e-06
18.91 1.04834e-05 -8.02434e-06
18.92 1.04028e-05 -7.9627e-06
18.93 1.03228e-05 -7.90153e-06
18.94 1.02434e-05 -7.84083e-06
18.95 1.01646e-05 -7.78059e-06
18.96 1.00864e-05 -7.72082e-06
18.97 1.00088e-05 -7.6615e-06
18.98 9.93176e-06 -7.60264e-06
18.99 9.85535e-06 -7.54423e-06
19 9.77953e-06 -7.48627e-06
19.01 9.70429e-06 -7.42875e-06
19.02 9.62963e-06 -7.37168e-06
19.03 9.55555e-06 -7.31504e-06
19.04 9.48203e-06 -7.25884e-06
19.05 9.40908e-06 -7.20307e-06
19.06 9.33668e-06 -7.14772e-06
19.07 9.26485e-06 -7.0928e-06
19.08 9.19356e-06 -7.0383e-06
19.09 9.12283e-06 -6.98422e-06
19.1 9.05264e-06 -6.93056e-06
19.11 8.98298e-06 -6.8773e-06
19.12 8.91386e-06 -6.82446e-06
19.13 8.84528e-06 -6.77202e-06
19.14 8.77722e-06 -6.71998e-06
19.15 8.70968e-06 -6.66834e-06
19.16 8.64266e-06 -6.6171e-06
19.17 8.57616e-06 -6.56625e-06
19.18 8.51017e-06 -6.51579e-06
19.19 8.44468e-06 -6.46572e-06
19.2 8.3797e-06 -6.41603e-06
19.21 8.31522e-06 -6.36672e-06
19.22 8.25123e-06 -6.3178e-06
19.23 8.18774e-06 -6.26924e-06
19.24 8.12473e-06 -6.22106e-06
19.25 8.06221e-06 -6.17325e-06
19.26 8.00017e-06 -6.12581e-06
19.27 7.9386e-06 -6.07873e-06
19.28 7.87751e-06 -6.03201e-06
19.29 7.81689e-06 -5.98565e-06
19.3 7.75673e-06 -5.93964e-06
19.31 7.69703e-06 -5.89399e-06
19.32 7.6378e-06 -5.84869e-06
19.33 7.57902e-06 -5.80374e-06
19.34 7.52069e-06 -5.75913e-06
19.35 7.46281e-06 -5.71486e-06
19.36 7.40537e-06 -5.67094e-06
19.37 7.34838e-06 -5.62735e-06
19.38 7.29183e-06 -5.58409e-06
19.39 7.2357e-06 -5.54117e-06
19.4 7.18001e-06 -5.49857e-06
19.41 7.12475e-06 -5.45631e-06
19.42 7.06992e-06 -5.41437e-06
19.43 7.0155e-06 -5.37274e-06
19.44 6.9615e-06 -5.33144e-06
19.45 6.90792e-06 -5.29046e-06
19.46 6.85475e-06 -5.24979e-06
19.47 6.80199e-06 -5.20943e-06
19.48 6.74963e-06 -5.16938e-06
19.49 6.69768e-06 -5.12964e-06
19.5 6.64613e-06 -5.09021e-06
19.51 6.59497e-06 -5.05108e-06
19.52 6.54421e-06 -5.01224e-06
19.53 6.49383e-06 -4.97371e-06
19.54 6.44385e-06 -4.93547e-06
19.55 6.39424e-06 -4.89753e-06
19.56 6.34502e-06 -4.85987e-06
19.57 6.29618e-06 -4.82251e-06
19.58 6.24771e-06 -4.78543e-06
19.59 6.19962e-06 -4.74864e-06
19.6 6.15189e-06 -4.71213e-06
19.61 6.10454e-06 -4.6759e-06
19.62 6.05754e-06 -4.63995e-06
19.63 6.01091e-06 -4.60427e-06
19.64 5.96464e-06 -4.56887e-06
19.65 5.91872e-06 -4.53374e-06
19.66 5.87315e-06 -4.49888e-06
19.67 5.82794e-06 -4.46428e-06
19.68 5.78307e-06 -4.42996e-06
19.69 5.73855e-06 -4.39589e-06
19.7 5.69437e-06 -4.36209e-06
19.71 5.65053e-06 -4.32855e-06
19.72 5.60703e-06 -4.29526e-06
19.73 5.56386e-06 -4.26223e-06
19.74 5.52103e-06 -4.22946e-06
19.75 5.47852e-06 -4.19693e-06
19.76 5.43634e-06 -4.16466e-06
19.77 5.39448e-06 -4.13263e-06
19.78 5.35295e-06 -4.10085e-06
19.79 5.31174e-06 -4.06931e-06
19.8 5.27084e-06 -4.03802e-06
19.81 5.23026e-06 -4.00696e-06
19.82 5.18998e-06 -3.97615e-06
19.83 5.15002e-06 -3.94557e-06
19.84 5.11037e-06 -3.91522e-06
19.85 5.07102e-06 -3.88511e-06
19.86 5.03198e-06 -3.85523e-06
19.87 4.99323e-06 -3.82558e-06
19.88 4.95478e-06 -3.79616e-06
19.89 4.91663e-06 -3.76696e-06
19.9 4.87877e-06 -3.73799e-06
19.91 4.8412e-06 -3.70924e-06
19.92 4.80393e-06 -3.68071e-06
19.93 4.76693e-06 -3.6524e-06
19.94 4.73023e-06 -3.62431e-06
19.95 4.6938e-06 -3.59643e-06
19.96 4.65766e-06 -3.56877e-06
19.97 4.62179e-06 -3.54131e-06
19.98 4.5862e-06 -3.51408e-06
19.99 4.55088e-06 -3.48704e-06
20 4.51584e-06 -3.46022e-06
20.01 4.48106e-06 -3.4336e-06
20.02 4.44655e-06 -3.40719e-06
20.03 4.41231e-06 -3.38098e-06
20.04 4.37833e-06 -3.35497e-06
20.05 4.34461e-06 -3.32917e-06
20.06 4.31115e-06 -3.30356e-06
20.07 4.27795e-06 -3.27814e-06
20.08 4.24501e-06 -3.25293e-06
20.09 4.21231e-06 -3.2279e-06
20.1 4.17987e-06 -3.20307e-06
20.11 4.14768e-06 -3.17843e-06
20.12 4.11574e-06 -3.15398e-06
20.13 4.08404e-06 -3.12971e-06
20.14 4.05259e-06 -3.10563e-06
20.15 4.02137e-06 -3.08174e-06
20.16 3.9904e-06 -3.05803e-06
20.17 3.95967e-06 -3.0345e-06
20.18 3.92917e-06 -3.01116e-06
20.19 3.89891e-06 -2.98799e-06
20.2 3.86888e-06 -2.965e-06
20.21 3.83908e-06 -2.94219e-06
20.22 3.80951e-06 -2.91955e-06
20.23 3.78017e-06 -2.89709e-06
20.24 3.75105e-06 -2.8748e-06
20.25 3.72216e-06 -2.85268e-06
20.26 3.69349e-06 -2.83073e-06
20.27 3.66504e-06 -2.80895e-06
20.28 3.63681e-06 -2.78734e-06
20.29 3.6088e-06 -2.76589e-06
20.3 3.581e-06 -2.74461e-06
20.31 3.55342e-06 -2.72349e-06
20.32 3.52604e-06 -2.70253e-06
20.33 3.49888e-06 -2.68174e-06
20.34 3.47193e-06 -2.6611e-06
20.35 3.44519e-06 -2.64062e-06
20.36 3.41865e-06 -2.6203e-06
20.37 3.39231e-06 -2.60014e-06
20.38 3.36618e-06 -2.58013e-06
20.39 3.34025e-06 -2.56028e-06
20.4 3.31452e-06 -2.54057e-06
20.41 3.28899e-06 -2.52102e-06
20.42 3.26365e-06 -2.50162e-06
20.43 3.23851e-06 -2.48237e-06
20.44 3.21356e-06 -2.46327e-06
20.45 3.1888e-06 -2.44431e-06
20.46 3.16424e-06 -2.4255e-06
20.47 3.13986e-06 -2.40683e-06
20.48 3.11567e-06 -2.38831e-06
20.49 3.09167e-06 -2.36993e-06
20.5 3.06785e-06 -2.35169e-06
20.51 3.04422e-06 -2.33359e-06
20.52 3.02076e-06 -2.31563e-06
20.53 2.99749e-06 -2.29781e-06
20.54 2.9744e-06 -2.28012e-06
20.55 2.95148e-06 -2.26257e-06
20.56 2.92874e-06 -2.24516e-06
20.57 2.90618e-06 -2.22788e-06
20.58 2.88379e-06 -2.21073e-06
20.59 2.86157e-06 -2.19372e-06
20.6 2.83952e-06 -2.17683e-06
20.61 2.81764e-06 -2.16008e-06
20.62 2.79594e-06 -2.14345e-06
20.63 2.77439e-06 -2.12695e-06
20.64 2.75302e-06 -2.11058e-06
20.65 2.73181e-06 -2.09434e-06
20.66 2.71076e-06 -2.07821e-06
20.67 2.68987e-06 -2.06222e-06
20.68 2.66915e-06 -2.04634e-06
20.69 2.64858e-06 -2.03059e-06
20.7 2.62817e-06 -2.01496e-06
20.71 2.60792e-06 -1.99945e-06
20.72 2.58783e-06 -1.98406e-06
20.73 2.56789e-06 -1.96879e-06
20.74 2.5481e-06 -1.95363e-06
20.75 2.52846e-06 -1.93859e-06
20.76 2.50898e-06 -1.92367e-06
20.77 2.48965e-06 -1.90886e-06
20.78 2.47046e-06 -1.89416e-06
20.79 2.45143e-06 -1.87958e-06
20.8 2.43254e-06 -1.86511e-06
20.81 2.41379e-06 -1.85075e-06
20.82 2.39519e-06 -1.83651e-06
20.83 2.37673e-06 -1.82237e-06
20.84 2.35842e-06 -1.80834e-06
20.85 2.34025e-06 -1.79442e-06
20.86 2.32221e-06 -1.7806e-06
20.87 2.30432e-06 -1.76689e-06
20.88 2.28656e-06 -1.75329e-06
20.89 2.26894e-06 -1.73979e-06
20.9 2.25145e-06 -1.7264e-06
20.91 2.2341e-06 -1.7131e-06
20.92 2.21689e-06 -1.69991e-06
20.93 2.1998e-06 -1.68683e-06
20.94 2.18285e-06 -1.67384e-06
20.95 2.16603e-06 -1.66095e-06
20.96 2.14933e-06 -1.64816e-06
20.97 2.13277e-06 -1.63547e-06
20.98 2.11633e-06 -1.62288e-06
20.99 2.10002e-06 -1.61038e-06
21 2.08384e-06 -1.59798e-06
21.01 2.06778e-06 -1.58568e-06
21.02 2.05184e-06 -1.57347e-06
21.03 2.03603e-06 -1.56136e-06
21.04 2.02033e-06 -1.54933e-06
21.05 2.00476e-06 -1.5374e-06
21.06 1.98931e-06 -1.52556e-06
21.07 1.97398e-06 -1.51382e-06
21.08 1.95877e-06 -1.50216e-06
21.09 1.94367e-06 -1.49059e-06
21.1 1.92869e-06 -1.47911e-06
21.11 1.91382e-06 -1.46772e-06
21.12 1.89907e-06 -1.45642e-06
21.13 1.88444e-06 -1.44521e-06
21.14 1.86991e-06 -1.43408e-06
21.15 1.8555e-06 -1.42303e-06
21.16 1.8412e-06 -1.41208e-06
21.17 1.827e-06 -1.4012e-06
21.18 1.81292e-06 -1.39041e-06
21.19 1.79895e-06 -1.3797e-06
21.2 1.78508e-06 -1.36908e-06
21.21 1.77132e-06 -1.35853e-06
21.22 1.75767e-06 -1.34807e-06
21.23 1.74412e-06 -1.33769e-06
21.24 1.73068e-06 -1.32739e-06
21.25 1.71734e-06 -1.31716e-06
21.26 1.7041e-06 -1.30702e-06
21.27 1.69096e-06 -1.29695e-06
21.28 1.67793e-06 -1.28697e-06
21.29 1.66499e-06 -1.27705e-06
21.3 1.65216e-06 -1.26722e-06
21.31 1.63942e-06 -1.25746e-06
21.32 1.62679e-06 -1.24777e-06
21.33 1.61425e-06 -1.23816e-06
21.34 1.6018e-06 -1.22863e-06
21.35 1.58945e-06 -1.21916e-06
21.36 1.5772e-06 -1.20977e-06
21.37 1.56504e-06 -1.20046e-06
21.38 1.55298e-06 -1.19121e-06
21.39 1.54101e-06 -1.18203e-06
21.4 1.52913e-06 -1.17293e-06
21.41 1.51734e-06 -1.16389e-06
21.42 1.50564e-06 -1.15493e-06
21.43 1.49403e-06 -1.14603e-06
21.44 1.48252e-06 -1.13721e-06
21.45 1.47109e-06 -1.12845e-06
21.46 1.45975e-06 -1.11975e-06
21.47 1.44849e-06 -1.11113e-06
21.48 1.43733e-06 -1.10257e-06
21.49 1.42624e-06 -1.09408e-06
21.5 1.41525e-06 -1.08565e-06
21.51 1.40434e-06 -1.07729e-06
21.52 1.39351e-06 -1.06899e-06
21.53 1.38277e-06 -1.06075e-06
21.54 1.37211e-06 -1.05258e-06
21.55 1.36153e-06 -1.04447e-06
21.56 1.35103e-06 -1.03643e-06
21.57 1.34061e-06 -1.02844e-06
21.58 1.33028e-06 -1.02052e-06
21.59 1.32002e-06 -1.01266e-06
21.6 1.30984e-06 -1.00486e-06
21.61 1.29975e-06 -9.97116e-07
21.62 1.28972e-06 -9.89435e-07
21.63 1.27978e-06 -9.81812e-07
21.64 1.26991e-06 -9.74248e-07
21.65 1.26012e-06 -9.66743e-07
21.66 1.25041e-06 -9.59295e-07
21.67 1.24076e-06 -9.51904e-07
21.68 1.2312e-06 -9.44571e-07
21.69 1.2217e-06 -9.37294e-07
21.7 1.21228e-06 -9.30072e-07
21.71 1.20294e-06 -9.22907e-07
21.72 1.19366e-06 -9.15796e-07
21.73 1.18446e-06 -9.0874e-07
21.74 1.17533e-06 -9.01739e-07
21.75 1.16626e-06 -8.94792e-07
21.76 1.15727e-06 -8.87897e-07
21.77 1.14835e-06 -8.81056e-07
21.78 1.13949e-06 -8.74268e-07
21.79 1.1307e-06 -8.67532e-07
21.8 1.12199e-06 -8.60848e-07
21.81 1.11333e-06 -8.54215e-07
21.82 1.10475e-06 -8.47633e-07
21.83 1.09623e-06 -8.41102e-07
21.84 1.08778e-06 -8.34621e-07
21.85 1.07939e-06 -8.2819e-07
21.86 1.07107e-06 -8.21809e-07
21.87 1.06281e-06 -8.15477e-07
21.88 1.05461e-06 -8.09193e-07
21.89 1.04648e-06 -8.02958e-07
21.9 1.03841e-06 -7.96771e-07
21.91 1.0304e-06 -7.90631e-07
21.92 1.02245e-06 -7.84539e-07
21.93 1.01457e-06 -7.78493e-07
21.94 1.00675e-06 -7.72495e-07
21.95 9.98982e-07 -7.66542e-07
21.96 9.91278e-07 -7.60635e-07
21.97 9.83634e-07 -7.54774e-07
21.98 9.76048e-07 -7.48958e-07
21.99 9.68521e-07 -7.43186e-07
22 9.61052e-07 -7.37459e-07
22.01 9.5364e-07 -7.31776e-07
22.02 9.46286e-07 -7.26137e-07
22.03 9.38988e-07 -7.20541e-07
22.04 9.31746e-07 -7.14988e-07
22.05 9.24561e-07 -7.09478e-07
22.06 9.1743e-07 -7.04011e-07
22.07 9.10355e-07 -6.98585e-07
22.08 9.03334e-07 -6.93202e-07
22.09 8.96367e-07 -6.8786e-07
22.1 8.89454e-07 -6.82559e-07
22.11 8.82594e-07 -6.77298e-07
22.12 8.75787e-07 -6.72078e-07
22.13 8.69033e-07 -6.66899e-07
22.14 8.6233e-07 -6.61759e-07
22.15 8.5568e-07 -6.56659e-07
22.16 8.4908e-07 -6.51598e-07
22.17 8.42531e-07 -6.46576e-07
22.18 8.36033e-07 -6.41593e-07
22.19 8.29585e-07 -6.36648e-07
22.2 8.23187e-07 -6.31742e-07
22.21 8.16838e-07 -6.26873e-07
22.22 8.10537e-07 -6.22041e-07
22.23 8.04286e-07 -6.17247e-07
22.24 7.98082e-07 -6.12489e-07
22.25 7.91927e-07 -6.07769e-07
22.26 7.85819e-07 -6.03084e-07
22.27 7.79757e-07 -5.98436e-07
22.28 7.73743e-07 -5.93824e-07
22.29 7.67775e-07 -5.89247e-07
22.3 7.61853e-07 -5.84705e-07
22.31 7.55977e-07 -5.80198e-07
22.32 7.50146e-07 -5.75726e-07
22.33 7.44359e-07 -5.71288e-07
22.34 7.38618e-07 -5.66885e-07
22.35 7.32921e-07 -5.62515e-07
22.36 7.27267e-07 -5.58179e-07
22.37 7.21657e-07 -5.53877e-07
22.38 7.16091e-07 -5.49608e-07
22.39 7.10567e-07 -5.45371e-07
22.4 7.05086e-07 -5.41167e-07
22.41 6.99647e-07 -5.36996e-07
22.42 6.9425e-07 -5.32856e-07
22.43 6.88895e-07 -5.28749e-07
22.44 6.83581e-07 -5.24673e-07
22.45 6.78308e-07 -5.20629e-07
22.46 6.73076e-07 -5.16615e-07
22.47 6.67884e-07 -5.12633e-07
22.48 6.62732e-07 -5.08681e-07
22.49 6.57619e-07 -5.0476e-07
22.5 6.52546e-07 -5.00869e-07
22.51 6.47512e-07 -4.97008e-07
22.52 6.42517e-07 -4.93176e-07
22.53 6.37561e-07 -4.89375e-07
22.54 6.32643e-07 -4.85602e-07
22.55 6.27762e-07 -4.81858e-07
22.56 6.22919e-07 -4.78144e-07
22.57 6.18114e-07 -4.74458e-07
22.58 6.13346e-07 -4.708e-07
22.59 6.08614e-07 -4.6717e-07
22.6 6.03919e-07 -4.63569e-07
22.61 5.9926e-07 -4.59995e-07
22.62 5.94637e-07 -4.56449e-07
22.63 5.9005e-07 -4.5293e-07
22.64 5.85498e-07 -4.49438e-07
22.65 5.80981e-07 -4.45973e-07
22.66 5.76499e-07 -4.42535e-07
22.67 5.72051e-07 -4.39123e-07
22.68 5.67638e-07 -4.35738e-07
22.69 5.63258e-07 -4.32378e-07
22.7 5.58913e-07 -4.29045e-07
22.71 5.54601e-07 -4.25737e-07
22.72 5.50322e-07 -4.22454e-07
22.73 5.46077e-07 -4.19197e-07
22.74 5.41864e-07 -4.15965e-07
22.75 5.37683e-07 -4.12758e-07
22.76 5.33535e-07 -4.09576e-07
22.77 5.29418e-07 -4.06418e-07
22.78 5.25334e-07 -4.03284e-07
22.79 5.21281e-07 -4.00175e-07
22.8 5.17259e-07 -3.97089e-07
22.81 5.13268e-07 -3.94028e-07
22.82 5.09308e-07 -3.9099e-07
22.83 5.05379e-07 -3.87975e-07
22.84 5.01479e-07 -3.84983e-07
22.85 4.9761e-07 -3.82015e-07
22.86 4.93771e-07 -3.79069e-07
22.87 4.89961e-07 -3.76147e-07
22.88 4.86181e-07 -3.73246e-07
22.89 4.8243e-07 -3.70368e-07
22.9 4.78707e-07 -3.67512e-07
22.91 4.75014e-07 -3.64679e-07
22.92 4.71349e-07 -3.61867e-07
22.93 4.67712e-07 -3.59076e-07
22.94 4.64103e-07 -3.56308e-07
22.95 4.60522e-07 -3.5356e-07
22.96 4.56969e-07 -3.50834e-07
22.97 4.53443e-07 -3.48128e-07
22.98 4.49944e-07 -3.45444e-07
22.99 4.46472e-07 -3.4278e-07
23 4.43027e-07 -3.40137e-07
23.01 4.39609e-07 -3.37514e-07
23.02 4.36217e-07 -3.34911e-07
23.03 4.32851e-07 -3.32329e-07
23.04 4.29511e-07 -3.29766e-07
23.05 4.26197e-07 -3.27223e-07
23.06 4.22908e-07 -3.247e-07
23.07 4.19645e-07 -3.22196e-07
23.08 4.16407e-07 -3.19711e-07
23.09 4.13194e-07 -3.17246e-07
23.1 4.10005e-07 -3.14799e-07
23.11 4.06842e-07 -3.12371e-07
23.12 4.03702e-07 -3.09962e-07
23.13 4.00587e-07 -3.07572e-07
23.14 3.97496e-07 -3.052e-07
23.15 3.94428e-07 -3.02846e-07
23.16 3.91385e-07 -3.00511e-07
23.17 3.88365e-07 -2.98193e-07
23.18 3.85368e-07 -2.95894e-07
23.19 3.82394e-07 -2.93612e-07
23.2 3.79443e-07 -2.91347e-07
23.21 3.76515e-07 -2.891e-07
23.22 3.7361e-07 -2.86871e-07
23.23 3.70726e-07 -2.84658e-07
23.24 3.67866e-07 -2.82463e-07
23.25 3.65027e-07 -2.80285e-07
23.26 3.6221e-07 -2.78123e-07
23.27 3.59415e-07 -2.75978e-07
23.28 3.56641e-07 -2.73849e-07
23.29 3.53889e-07 -2.71737e-07
23.3 3.51158e-07 -2.69642e-07
23.31 3.48448e-07 -2.67562e-07
23.32 3.45759e-07 -2.65498e-07
23.33 3.43091e-07 -2.63451e-07
23.34 3.40443e-07 -2.61419e-07
23.35 3.37816e-07 -2.59402e-07
23.36 3.35208e-07 -2.57402e-07
23.37 3.32622e-07 -2.55416e-07
23.38 3.30055e-07 -2.53446e-07
23.39 3.27507e-07 -2.51491e-07
23.4 3.2498e-07 -2.49552e-07
23.41 3.22472e-07 -2.47627e-07
23.42 3.19983e-07 -2.45717e-07
23.43 3.17514e-07 -2.43822e-07
23.44 3.15063e-07 -2.41941e-07
23.45 3.12632e-07 -2.40075e-07
23.46 3.10219e-07 -2.38223e-07
23.47 3.07825e-07 -2.36386e-07
23.48 3.05449e-07 -2.34562e-07
23.49 3.03092e-07 -2.32753e-07
23.5 3.00752e-07 -2.30958e-07
23.51 2.98431e-07 -2.29176e-07
23.52 2.96128e-07 -2.27408e-07
23.53 2.93842e-07 -2.25654e-07
23.54 2.91575e-07 -2.23914e-07
23.55 2.89324e-07 -2.22186e-07
23.56 2.87091e-07 -2.20473e-07
23.57 2.84875e-07 -2.18772e-07
23.58 2.82677e-07 -2.17084e-07
23.59 2.80495e-07 -2.1541e-07
23.6 2.7833e-07 -2.13748e-07
23.61 2.76182e-07 -2.12099e-07
23.62 2.7405e-07 -2.10463e-07
23.63 2.71935e-07 -2.0884e-07
23.64 2.69836e-07 -2.07229e-07
23.65 2.67753e-07 -2.0563e-07
23.66 2.65687e-07 -2.04044e-07
23.67 2.63636e-07 -2.0247e-07
23.68 2.61601e-07 -2.00908e-07
23.69 2.59582e-07 -1.99358e-07
23.7 2.57579e-07 -1.9782e-07
23.71 2.5559e-07 -1.96294e-07
23.72 2.53618e-07 -1.9478e-07
23.73 2.5166e-07 -1.93277e-07
23.74 2.49718e-07 -1.91786e-07
23.75 2.4779e-07 -1.90307e-07
23.76 2.45878e-07 -1.88839e-07
23.77 2.4398e-07 -1.87382e-07
23.78 2.42096e-07 -1.85936e-07
23.79 2.40228e-07 -1.84502e-07
23.8 2.38374e-07 -1.83078e-07
23.81 2.36534e-07 -1.81666e-07
23.82 2.34708e-07 -1.80264e-07
23.83 2.32896e-07 -1.78874e-07
23.84 2.31098e-07 -1.77494e-07
23.85 2.29315e-07 -1.76124e-07
23.86 2.27544e-07 -1.74766e-07
23.87 2.25788e-07 -1.73417e-07
23.88 2.24045e-07 -1.72079e-07
23.89 2.22316e-07 -1.70752e-07
23.9 2.206e-07 -1.69434e-07
23.91 2.18897e-07 -1.68127e-07
23.92 2.17207e-07 -1.6683e-07
23.93 2.1553e-07 -1.65543e-07
23.94 2.13867e-07 -1.64266e-07
23.95 2.12216e-07 -1.62998e-07
23.96 2.10578e-07 -1.61741e-07
23.97 2.08952e-07 -1.60493e-07
23.98 2.07339e-07 -1.59255e-07
23.99 2.05739e-07 -1.58026e-07
24 2.0415e-07 -1.56807e-07
24.01 2.02574e-07 -1.55597e-07
24.02 2.01011e-07 -1.54396e-07
24.03 1.99459e-07 -1.53205e-07
24.04 1.97919e-07 -1.52023e-07
24.05 1.96391e-07 -1.5085e-07
24.06 1.94875e-07 -1.49686e-07
24.07 1.93371e-07 -1.48531e-07
24.08 1.91878e-07 -1.47385e-07
24.09 1.90397e-07 -1.46248e-07
24.1 1.88927e-07 -1.4512e-07
24.11 1.87469e-07 -1.44e-07
24.12 1.86021e-07 -1.42889e-07
24.13 1.84585e-07 -1.41786e-07
24.14 1.8316e-07 -1.40692e-07
24.15 1.81746e-07 -1.39607e-07
24.16 1.80343e-07 -1.38529e-07
24.17 1.78951e-07 -1.3746e-07
24.18 1.7757e-07 -1.364e-07
24.19 1.76199e-07 -1.35347e-07
24.2 1.74839e-07 -1.34303e-07
24.21 1.73489e-07 -1.33267e-07
24.22 1.72149e-07 -1.32238e-07
24.23 1.7082e-07 -1.31218e-07
24.24 1.69502e-07 -1.30205e-07
24.25 1.68193e-07 -1.29201e-07
24.26 1.66895e-07 -1.28204e-07
24.27 1.65606e-07 -1.27214e-07
24.28 1.64328e-07 -1.26233e-07
24.29 1.63059e-07 -1.25259e-07
24.3 1.618e-07 -1.24292e-07
24.31 1.60551e-07 -1.23333e-07
24.32 1.59311e-07 -1.22381e-07
24.33 1.58081e-07 -1.21437e-07
24.34 1.56861e-07 -1.205e-07
24.35 1.5565e-07 -1.1957e-07
24.36 1.54448e-07 -1.18647e-07
24.37 1.53256e-07 -1.17732e-07
24.38 1.52073e-07 -1.16823e-07
24.39 1.50898e-07 -1.15922e-07
24.4 1.49733e-07 -1.15027e-07
24.41 1.48577e-07 -1.14139e-07
24.42 1.4743e-07 -1.13259e-07
24.43 1.46292e-07 -1.12384e-07
24.44 1.45163e-07 -1.11517e-07
24.45 1.44042e-07 -1.10657e-07
24.46 1.4293e-07 -1.09803e-07
24.47 1.41826e-07 -1.08955e-07
24.48 1.40731e-07 -1.08114e-07
24.49 1.39645e-07 -1.0728e-07
24.5 1.38566e-07 -1.06452e-07
24.51 1.37496e-07 -1.05631e-07
24.52 1.36435e-07 -1.04815e-07
24.53 1.35381e-07 -1.04007e-07
24.54 1.34336e-07 -1.03204e-07
24.55 1.33299e-07 -1.02407e-07
24.56 1.3227e-07 -1.01617e-07
24.57 1.31248e-07 -1.00833e-07
24.58 1.30235e-07 -1.00055e-07
24.59 1.2923e-07 -9.92825e-08
24.6 1.28232e-07 -9.85163e-08
24.61 1.27242e-07 -9.77559e-08
24.62 1.26259e-07 -9.70015e-08
24.63 1.25284e-07 -9.62528e-08
24.64 1.24317e-07 -9.551e-08
24.65 1.23357e-07 -9.47729e-08
24.66 1.22405e-07 -9.40414e-08
24.67 1.21459e-07 -9.33156e-08
24.68 1.20522e-07 -9.25954e-08
24.69 1.19591e-07 -9.18808e-08
24.7 1.18668e-07 -9.11716e-08
24.71 1.17751e-07 -9.0468e-08
24.72 1.16842e-07 -8.97697e-08
24.73 1.1594e-07 -8.90769e-08
24.74 1.15045e-07 -8.83894e-08
24.75 1.14156e-07 -8.77072e-08
24.76 1.13275e-07 -8.70302e-08
24.77 1.124e-07 -8.63585e-08
24.78 1.11532e-07 -8.5692e-08
24.79 1.10671e-07 -8.50306e-08
24.8 1.09816e-07 -8.43743e-08
24.81 1.08968e-07 -8.3723e-08
24.82 1.08127e-07 -8.30768e-08
24.83 1.07292e-07 -8.24356e-08
24.84 1.06464e-07 -8.17993e-08
24.85 1.05641e-07 -8.1168e-08
24.86 1.04826e-07 -8.05415e-08
24.87 1.04016e-07 -7.99198e-08
24.88 1.03213e-07 -7.93029e-08
24.89 1.02416e-07 -7.86908e-08
24.9 1.01625e-07 -7.80834e-08
24.91 1.0084e-07 -7.74807e-08
24.92 1.00062e-07 -7.68827e-08
24.93 9.92891e-08 -7.62892e-08
24.94 9.85224e-08 -7.57004e-08
24.95 9.77616e-08 -7.51161e-08
24.96 9.70066e-08 -7.45363e-08
24.97 9.62575e-08 -7.39609e-08
24.98 9.55142e-08 -7.339e-08
24.99 9.47766e-08 -7.28235e-08
25 9.40447e-08 -7.22614e-08
25.01 9.33185e-08 -7.17036e-08
25.02 9.25979e-08 -7.11501e-08
25.03 9.18828e-08 -7.06009e-08
25.04 9.11732e-08 -7.00559e-08
25.05 9.04692e-08 -6.95152e-08
25.06 8.97705e-08 -6.89786e-08
25.07 8.90773e-08 -6.84461e-08
25.08 8.83894e-08 -6.79178e-08
25.09 8.77068e-08 -6.73935e-08
25.1 8.70295e-08 -6.68733e-08
25.11 8.63574e-08 -6.6357e-08
25.12 8.56905e-08 -6.58448e-08
25.13 8.50287e-08 -6.53365e-08
25.14 8.43721e-08 -6.48322e-08
25.15 8.37205e-08 -6.43317e-08
25.16 8.3074e-08 -6.38351e-08
25.17 8.24324e-08 -6.33423e-08
25.18 8.17958e-08 -6.28533e-08
25.19 8.11641e-08 -6.23681e-08
25.2 8.05373e-08 -6.18867e-08
25.21 7.99154e-08 -6.14089e-08
25.22 7.92982e-08 -6.09349e-08
25.23 7.86858e-08 -6.04645e-08
25.24 7.80781e-08 -5.99977e-08
25.25 7.74751e-08 -5.95345e-08
25.26 7.68768e-08 -5.9075e-08
25.27 7.62831e-08 -5.86189e-08
25.28 7.56939e-08 -5.81664e-08
25.29 7.51094e-08 -5.77173e-08
25.3 7.45293e-08 -5.72718e-08
25.31 7.39537e-08 -5.68296e-08
25.32 7.33826e-08 -5.63909e-08
25.33 7.28158e-08 -5.59556e-08
25.34 7.22535e-08 -5.55236e-08
25.35 7.16954e-08 -5.50949e-08
25.36 7.11417e-08 -5.46696e-08
25.37 7.05923e-08 -5.42476e-08
25.38 7.00471e-08 -5.38288e-08
25.39 6.95061e-08 -5.34132e-08
25.4 6.89693e-08 -5.30008e-08
25.41 6.84366e-08 -5.25916e-08
25.42 6.79081e-08 -5.21856e-08
25.43 6.73836e-08 -5.17827e-08
25.44 6.68632e-08 -5.1383e-08
25.45 6.63468e-08 -5.09863e-08
25.46 6.58343e-08 -5.05926e-08
25.47 6.53259e-08 -5.0202e-08
25.48 6.48213e-08 -4.98145e-08
25.49 6.43207e-08 -4.94299e-08
25.5 6.38239e-08 -4.90482e-08
25.51 6.3331e-08 -4.86696e-08
25.52 6.28418e-08 -4.82938e-08
25.53 6.23565e-08 -4.79209e-08
25.54 6.18749e-08 -4.7551e-08
25.55 6.1397e-08 -4.71838e-08
25.56 6.09228e-08 -4.68196e-08
25.57 6.04522e-08 -4.64581e-08
25.58 5.99853e-08 -4.60994e-08
25.59 5.9522e-08 -4.57435e-08
25.6 5.90623e-08 -4.53903e-08
25.61 5.86061e-08 -4.50398e-08
25.62 5.81534e-08 -4.46921e-08
25.63 5.77043e-08 -4.4347e-08
25.64 5.72586e-08 -4.40046e-08
25.65 5.68163e-08 -4.36649e-08
25.66 5.63775e-08 -4.33277e-08
25.67 5.5942e-08 -4.29932e-08
25.68 5.55099e-08 -4.26613e-08
25.69 5.50812e-08 -4.23319e-08
25.7 5.46557e-08 -4.2005e-08
25.71 5.42336e-08 -4.16807e-08
25.72 5.38147e-08 -4.13589e-08
25.73 5.3399e-08 -4.10395e-08
25.74 5.29866e-08 -4.07227e-08
25.75 5.25773e-08 -4.04082e-08
25.76 5.21712e-08 -4.00962e-08
25.77 5.17682e-08 -3.97866e-08
25.78 5.13683e-08 -3.94794e-08
25.79 5.09716e-08 -3.91746e-08
25.8 5.05779e-08 -3.88721e-08
25.81 5.01872e-08 -3.8572e-08
25.82 4.97995e-08 -3.82742e-08
25.83 4.94149e-08 -3.79786e-08
25.84 4.90332e-08 -3.76854e-08
25.85 4.86544e-08 -3.73944e-08
25.86 4.82786e-08 -3.71056e-08
25.87 4.79057e-08 -3.68191e-08
25.88 4.75357e-08 -3.65348e-08
25.89 4.71685e-08 -3.62527e-08
25.9 4.68041e-08 -3.59728e-08
25.91 4.64426e-08 -3.5695e-08
25.92 4.60839e-08 -3.54194e-08
25.93 4.57279e-08 -3.51459e-08
25.94 4.53747e-08 -3.48745e-08
25.95 4.50242e-08 -3.46052e-08
25.96 4.46764e-08 -3.4338e-08
25.97 4.43313e-08 -3.40729e-08
25.98 4.39888e-08 -3.38098e-08
25.99 4.36491e-08 -3.35487e-08
26 4.33119e-08 -3.32896e-08
26.01 4.29773e-08 -3.30326e-08
26.02 4.26453e-08 -3.27775e-08
26.03 4.23159e-08 -3.25244e-08
26.04 4.1989e-08 -3.22732e-08
26.05 4.16647e-08 -3.2024e-08
26.06 4.13428e-08 -3.17767e-08
26.07 4.10235e-08 -3.15313e-08
26.08 4.07066e-08 -3.12879e-08
26.09 4.03921e-08 -3.10463e-08
26.1 4.00801e-08 -3.08065e-08
26.11 3.97705e-08 -3.05686e-08
26.12 3.94633e-08 -3.03326e-08
26.13 3.91584e-08 -3.00983e-08
26.14 3.88559e-08 -2.98659e-08
26.15 3.85558e-08 -2.96353e-08
26.16 3.82579e-08 -2.94064e-08
26.17 3.79624e-08 -2.91793e-08
26.18 3.76692e-08 -2.8954e-08
26.19 3.73782e-08 -2.87304e-08
26.2 3.70894e-08 -2.85085e-08
26.21 3.68029e-08 -2.82884e-08
26.22 3.65186e-08 -2.80699e-08
26.23 3.62365e-08 -2.78532e-08
26.24 3.59566e-08 -2.76381e-08
26.25 3.56788e-08 -2.74246e-08
26.26 3.54032e-08 -2.72128e-08
26.27 3.51297e-08 -2.70027e-08
26.28 3.48583e-08 -2.67942e-08
26.29 3.4589e-08 -2.65872e-08
26.3 3.43218e-08 -2.63819e-08
26.31 3.40567e-08 -2.61782e-08
26.32 3.37936e-08 -2.5976e-08
26.33 3.35325e-08 -2.57754e-08
26.34 3.32735e-08 -2.55763e-08
26.35 3.30164e-08 -2.53788e-08
26.36 3.27613e-08 -2.51828e-08
26.37 3.25083e-08 -2.49884e-08
26.38 3.22571e-08 -2.47954e-08
26.39 3.20079e-08 -2.46039e-08
26.4 3.17606e-08 -2.44139e-08
26.41 3.15153e-08 -2.42253e-08
26.42 3.12718e-08 -2.40382e-08
26.43 3.10302e-08 -2.38526e-08
26.44 3.07905e-08 -2.36684e-08
26.45 3.05526e-08 -2.34856e-08
26.46 3.03166e-08 -2.33042e-08
26.47 3.00824e-08 -2.31242e-08
26.48 2.985e-08 -2.29456e-08
26.49 2.96194e-08 -2.27684e-08
26.5 2.93906e-08 -2.25926e-08
26.51 2.91635e-08 -2.24181e-08
26.52 2.89382e-08 -2.2245e-08
26.53 2.87146e-08 -2.20732e-08
26.54 2.84928e-08 -2.19027e-08
26.55 2.82727e-08 -2.17335e-08
26.56 2.80542e-08 -2.15657e-08
26.57 2.78375e-08 -2.13991e-08
26.58 2.76224e-08 -2.12338e-08
26.59 2.7409e-08 -2.10698e-08
26.6 2.71973e-08 -2.09071e-08
26.61 2.69871e-08 -2.07456e-08
26.62 2.67787e-08 -2.05854e-08
26.63 2.65718e-08 -2.04264e-08
26.64 2.63665e-08 -2.02687e-08
26.65 2.61628e-08 -2.01121e-08
26.66 2.59606e-08 -1.99568e-08
26.67 2.57601e-08 -1.98026e-08
26.68 2.55611e-08 -1.96497e-08
26.69 2.53636e-08 -1.94979e-08
26.7 2.51676e-08 -1.93473e-08
26.71 2.49732e-08 -1.91979e-08
26.72 2.47802e-08 -1.90496e-08
26.73 2.45888e-08 -1.89025e-08
26.74 2.43988e-08 -1.87565e-08
26.75 2.42103e-08 -1.86116e-08
26.76 2.40232e-08 -1.84679e-08
26.77 2.38376e-08 -1.83252e-08
26.78 2.36535e-08 -1.81837e-08
26.79 2.34707e-08 -1.80432e-08
26.8 2.32894e-08 -1.79039e-08
26.81 2.31094e-08 -1.77656e-08
26.82 2.29309e-08 -1.76284e-08
26.83 2.27537e-08 -1.74922e-08
26.84 2.25779e-08 -1.73571e-08
26.85 2.24035e-08 -1.7223e-08
26.86 2.22304e-08 -1.709e-08
26.87 2.20586e-08 -1.6958e-08
26.88 2.18882e-08 -1.6827e-08
26.89 2.17191e-08 -1.66971e-08
26.9 2.15513e-08 -1.65681e-08
26.91 2.13848e-08 -1.64401e-08
26.92 2.12195e-08 -1.63131e-08
26.93 2.10556e-08 -1.61871e-08
26.94 2.08929e-08 -1.60621e-08
26.95 2.07315e-08 -1.5938e-08
26.96 2.05713e-08 -1.58149e-08
26.97 2.04124e-08 -1.56928e-08
26.98 2.02546e-08 -1.55716e-08
26.99 2.00982e-08 -1.54513e-08
27 1.99429e-08 -1.53319e-08
27.01 1.97888e-08 -1.52135e-08
27.02 1.96359e-08 -1.5096e-08
27.03 1.94842e-08 -1.49794e-08
27.04 1.93336e-08 -1.48637e-08
27.05 1.91842e-08 -1.47489e-08
27.06 1.9036e-08 -1.46349e-08
27.07 1.88889e-08 -1.45219e-08
27.08 1.8743e-08 -1.44097e-08
27.09 1.85982e-08 -1.42984e-08
27.1 1.84545e-08 -1.4188e-08
27.11 1.83119e-08 -1.40784e-08
27.12 1.81704e-08 -1.39696e-08
27.13 1.803e-08 -1.38617e-08
27.14 1.78907e-08 -1.37546e-08
27.15 1.77524e-08 -1.36484e-08
27.16 1.76153e-08 -1.3543e-08
27.17 1.74791e-08 -1.34383e-08
27.18 1.73441e-08 -1.33345e-08
27.19 1.72101e-08 -1.32315e-08
27.2 1.70771e-08 -1.31293e-08
27.21 1.69451e-08 -1.30279e-08
27.22 1.68142e-08 -1.29273e-08
27.23 1.66843e-08 -1.28274e-08
27.24 1.65554e-08 -1.27283e-08
27.25 1.64275e-08 -1.263e-08
27.26 1.63005e-08 -1.25324e-08
27.27 1.61746e-08 -1.24356e-08
27.28 1.60496e-08 -1.23396e-08
27.29 1.59256e-08 -1.22442e-08
27.3 1.58025e-08 -1.21496e-08
27.31 1.56804e-08 -1.20558e-08
27.32 1.55592e-08 -1.19627e-08
27.33 1.5439e-08 -1.18703e-08
27.34 1.53197e-08 -1.17786e-08
27.35 1.52013e-08 -1.16876e-08
27.36 1.50839e-08 -1.15973e-08
27.37 1.49673e-08 -1.15077e-08
27.38 1.48517e-08 -1.14188e-08
27.39 1.47369e-08 -1.13306e-08
27.4 1.4623e-08 -1.12431e-08
27.41 1.451e-08 -1.11562e-08
27.42 1.43979e-08 -1.107e-08
27.43 1.42867e-08 -1.09845e-08
27.44 1.41763e-08 -1.08996e-08
27.45 1.40667e-08 -1.08154e-08
27.46 1.3958e-08 -1.07319e-08
27.47 1.38502e-08 -1.0649e-08
27.48 1.37431e-08 -1.05667e-08
27.49 1.3637e-08 -1.04851e-08
27.5 1.35316e-08 -1.04041e-08
27.51 1.3427e-08 -1.03237e-08
27.52 1.33233e-08 -1.0244e-08
27.53 1.32203e-08 -1.01648e-08
27.54 1.31181e-08 -1.00863e-08
27.55 1.30168e-08 -1.00084e-08
27.56 1.29162e-08 -9.93105e-09
27.57 1.28164e-08 -9.85433e-09
27.58 1.27173e-08 -9.7782e-09
27.59 1.26191e-08 -9.70266e-09
27.6 1.25216e-08 -9.6277e-09
27.61 1.24248e-08 -9.55332e-09
27.62 1.23288e-08 -9.47952e-09
27.63 1.22335e-08 -9.40628e-09
27.64 1.2139e-08 -9.33362e-09
27.65 1.20452e-08 -9.26151e-09
27.66 1.19521e-08 -9.18996e-09
27.67 1.18597e-08 -9.11896e-09
27.68 1.17681e-08 -9.04851e-09
27.69 1.16771e-08 -8.9786e-09
27.7 1.15869e-08 -8.90924e-09
27.71 1.14974e-08 -8.84041e-09
27.72 1.14085e-08 -8.77211e-09
27.73 1.13204e-08 -8.70434e-09
27.74 1.12329e-08 -8.63709e-09
27.75 1.11461e-08 -8.57036e-09
27.76 1.10599e-08 -8.50415e-09
27.77 1.09745e-08 -8.43845e-09
27.78 1.08897e-08 -8.37326e-09
27.79 1.08055e-08 -8.30857e-09
27.8 1.0722e-08 -8.24437e-09
27.81 1.06392e-08 -8.18068e-09
27.82 1.05569e-08 -8.11748e-09
27.83 1.04754e-08 -8.05476e-09
27.84 1.03944e-08 -7.99253e-09
27.85 1.03141e-08 -7.93078e-09
27.86 1.02344e-08 -7.86951e-09
27.87 1.01553e-08 -7.80871e-09
27.88 1.00768e-08 -7.74838e-09
27.89 9.99893e-09 -7.68851e-09
27.9 9.92166e-09 -7.62911e-09
27.91 9.84499e-09 -7.57017e-09
27.92 9.76891e-09 -7.51168e-09
27.93 9.69341e-09 -7.45365e-09
27.94 9.6185e-09 -7.39606e-09
27.95 9.54417e-09 -7.33892e-09
27.96 9.47041e-09 -7.28221e-09
27.97 9.39723e-09 -7.22595e-09
27.98 9.32461e-09 -7.17012e-09
27.99 9.25254e-09 -7.11472e-09
28 9.18104e-09 -7.05975e-09
28.01 9.11009e-09 -7.00521e-09
28.02 9.03968e-09 -6.95108e-09
28.03 8.96983e-09 -6.89738e-09
28.04 8.90051e-09 -6.84409e-09
28.05 8.83172e-09 -6.79121e-09
28.06 8.76347e-09 -6.73874e-09
28.07 8.69574e-09 -6.68667e-09
28.08 8.62854e-09 -6.63501e-09
28.09 8.56186e-09 -6.58374e-09
28.1 8.49569e-09 -6.53287e-09
28.11 8.43003e-09 -6.4824e-09
28.12 8.36488e-09 -6.43231e-09
28.13 8.30024e-09 -6.38261e-09
28.14 8.23609e-09 -6.3333e-09
28.15 8.17244e-09 -6.28436e-09
28.16 8.10928e-09 -6.23581e-09
28.17 8.04661e-09 -6.18763e-09
28.18 7.98443e-09 -6.13982e-09
28.19 7.92272e-09 -6.09238e-09
28.2 7.86149e-09 -6.04531e-09
28.21 7.80073e-09 -5.9986e-09
28.22 7.74045e-09 -5.95225e-09
28.23 7.68063e-09 -5.90626e-09
28.24 7.62127e-09 -5.86062e-09
28.25 7.56237e-09 -5.81534e-09
28.26 7.50392e-09 -5.77041e-09
28.27 7.44593e-09 -5.72582e-09
28.28 7.38838e-09 -5.68158e-09
28.29 7.33128e-09 -5.63768e-09
28.3 7.27462e-09 -5.59412e-09
28.31 7.2184e-09 -5.55089e-09
28.32 7.16261e-09 -5.508e-09
28.33 7.10726e-09 -5.46544e-09
28.34 7.05233e-09 -5.42321e-09
28.35 6.99782e-09 -5.38131e-09
28.36 6.94374e-09 -5.33973e-09
28.37 6.89008e-09 -5.29847e-09
28.38 6.83682e-09 -5.25753e-09
28.39 6.78399e-09 -5.2169e-09
28.4 6.73155e-09 -5.17659e-09
28.41 6.67953e-09 -5.13659e-09
28.42 6.62791e-09 -5.0969e-09
28.43 6.57668e-09 -5.05752e-09
28.44 6.52585e-09 -5.01844e-09
28.45 6.47542e-09 -4.97966e-09
28.46 6.42537e-09 -4.94119e-09
28.47 6.37571e-09 -4.903e-09
28.48 6.32643e-09 -4.86512e-09
28.49 6.27754e-09 -4.82753e-09
28.5 6.22902e-09 -4.79022e-09
28.51 6.18088e-09 -4.75321e-09
28.52 6.13311e-09 -4.71648e-09
28.53 6.08571e-09 -4.68004e-09
28.54 6.03867e-09 -4.64387e-09
28.55 5.992e-09 -4.60799e-09
28.56 5.94569e-09 -4.57238e-09
28.57 5.89974e-09 -4.53705e-09
28.58 5.85414e-09 -4.50199e-09
28.59 5.80889e-09 -4.4672e-09
28.6 5.764e-09 -4.43268e-09
28.61 5.71945e-09 -4.39843e-09
28.62 5.67524e-09 -4.36444e-09
28.63 5.63138e-09 -4.33072e-09
28.64 5.58785e-09 -4.29725e-09
28.65 5.54467e-09 -4.26405e-09
28.66 5.50181e-09 -4.2311e-09
28.67 5.45929e-09 -4.1984e-09
28.68 5.41709e-09 -4.16596e-09
28.69 5.37522e-09 -4.13377e-09
28.7 5.33368e-09 -4.10183e-09
28.71 5.29246e-09 -4.07013e-09
28.72 5.25155e-09 -4.03868e-09
28.73 5.21096e-09 -4.00747e-09
28.74 5.17068e-09 -3.9765e-09
28.75 5.13072e-09 -3.94577e-09
28.76 5.09106e-09 -3.91528e-09
28.77 5.05172e-09 -3.88503e-09
28.78 5.01267e-09 -3.85501e-09
28.79 4.97393e-09 -3.82522e-09
28.8 4.93548e-09 -3.79566e-09
28.81 4.89734e-09 -3.76633e-09
28.82 4.85948e-09 -3.73722e-09
28.83 4.82192e-09 -3.70834e-09
28.84 4.78465e-09 -3.67968e-09
28.85 4.74767e-09 -3.65125e-09
28.86 4.71098e-09 -3.62303e-09
28.87 4.67456e-09 -3.59504e-09
28.88 4.63843e-09 -3.56725e-09
28.89 4.60258e-09 -3.53969e-09
28.9 4.56701e-09 -3.51233e-09
28.91 4.53171e-09 -3.48519e-09
28.92 4.49668e-09 -3.45826e-09
28.93 4.46193e-09 -3.43154e-09
28.94 4.42744e-09 -3.40502e-09
28.95 4.39322e-09 -3.3787e-09
28.96 4.35926e-09 -3.35259e-09
28.97 4.32557e-09 -3.32669e-09
28.98 4.29213e-09 -3.30098e-09
28.99 4.25896e-09 -3.27547e-09
29 4.22604e-09 -3.25016e-09
29.01 4.19337e-09 -3.22504e-09
29.02 4.16096e-09 -3.20012e-09
29.03 4.1288e-09 -3.17539e-09
29.04 4.09689e-09 -3.15085e-09
29.05 4.06522e-09 -3.1265e-09
29.06 4.0338e-09 -3.10234e-09
29.07 4.00262e-09 -3.07836e-09
29.08 3.97168e-09 -3.05457e-09
29.09 3.94098e-09 -3.03097e-09
29.1 3.91052e-09 -3.00754e-09
29.11 3.88029e-09 -2.9843e-09
29.12 3.8503e-09 -2.96124e-09
29.13 3.82054e-09 -2.93835e-09
29.14 3.79101e-09 -2.91565e-09
29.15 3.76171e-09 -2.89311e-09
29.16 3.73263e-09 -2.87076e-09
29.17 3.70378e-09 -2.84857e-09
29.18 3.67515e-09 -2.82656e-09
29.19 3.64674e-09 -2.80471e-09
29.2 3.61856e-09 -2.78304e-09
29.21 3.59059e-09 -2.76153e-09
29.22 3.56283e-09 -2.74019e-09
29.23 3.53529e-09 -2.71901e-09
29.24 3.50797e-09 -2.698e-09
29.25 3.48085e-09 -2.67715e-09
29.26 3.45394e-09 -2.65646e-09
29.27 3.42725e-09 -2.63593e-09
29.28 3.40076e-09 -2.61556e-09
29.29 3.37447e-09 -2.59534e-09
29.3 3.34838e-09 -2.57529e-09
29.31 3.3225e-09 -2.55538e-09
29.32 3.29682e-09 -2.53563e-09
29.33 3.27134e-09 -2.51604e-09
29.34 3.24605e-09 -2.49659e-09
29.35 3.22096e-09 -2.4773e-09
29.36 3.19606e-09 -2.45815e-09
29.37 3.17136e-09 -2.43916e-09
29.38 3.14684e-09 -2.42031e-09
29.39 3.12252e-09 -2.4016e-09
29.4 3.09838e-09 -2.38304e-09
29.41 3.07443e-09 -2.36462e-09
29.42 3.05067e-09 -2.34635e-09
29.43 3.02709e-09 -2.32821e-09
29.44 3.00369e-09 -2.31022e-09
29.45 2.98047e-09 -2.29237e-09
29.46 2.95743e-09 -2.27465e-09
29.47 2.93457e-09 -2.25707e-09
29.48 2.91189e-09 -2.23963e-09
29.49 2.88938e-09 -2.22232e-09
29.5 2.86704e-09 -2.20514e-09
29.51 2.84488e-09 -2.1881e-09
29.52 2.82289e-09 -2.17119e-09
29.53 2.80107e-09 -2.15441e-09
29.54 2.77942e-09 -2.13776e-09
29.55 2.75793e-09 -2.12124e-09
29.56 2.73661e-09 -2.10484e-09
29.57 2.71546e-09 -2.08857e-09
29.58 2.69447e-09 -2.07243e-09
29.59 2.67364e-09 -2.05642e-09
29.6 2.65297e-09 -2.04052e-09
29.61 2.63247e-09 -2.02475e-09
29.62 2.61212e-09 -2.0091e-09
29.63 2.59192e-09 -1.99357e-09
29.64 2.57189e-09 -1.97817e-09
29.65 2.55201e-09 -1.96288e-09
29.66 2.53228e-09 -1.94771e-09
29.67 2.51271e-09 -1.93265e-09
29.68 2.49328e-09 -1.91772e-09
29.69 2.47401e-09 -1.9029e-09
29.7 2.45488e-09 -1.88819e-09
29.71 2.43591e-09 -1.8736e-09
29.72 2.41708e-09 -1.85911e-09
29.73 2.39839e-09 -1.84475e-09
29.74 2.37985e-09 -1.83049e-09
29.75 2.36146e-09 -1.81634e-09
29.76 2.3432e-09 -1.8023e-09
29.77 2.32509e-09 -1.78837e-09
29.78 2.30712e-09 -1.77455e-09
29.79 2.28928e-09 -1.76083e-09
29.8 2.27158e-09 -1.74723e-09
29.81 2.25402e-09 -1.73372e-09
29.82 2.2366e-09 -1.72032e-09
29.83 2.21931e-09 -1.70702e-09
29.84 2.20215e-09 -1.69383e-09
29.85 2.18513e-09 -1.68074e-09
29.86 2.16824e-09 -1.66775e-09
29.87 2.15148e-09 -1.65486e-09
29.88 2.13485e-09 -1.64207e-09
29.89 2.11834e-09 -1.62938e-09
29.9 2.10197e-09 -1.61678e-09
29.91 2.08572e-09 -1.60429e-09
29.92 2.0696e-09 -1.59189e-09
29.93 2.0536e-09 -1.57958e-09
29.94 2.03772e-09 -1.56738e-09
29.95 2.02197e-09 -1.55526e-09
29.96 2.00634e-09 -1.54324e-09
29.97 1.99083e-09 -1.53131e-09
29.98 1.97544e-09 -1.51948e-09
29.99 1.96017e-09 -1.50773e-09
