0 10 
0.1 10.001 
0.2 10 
0.3 9.997 
0.4 9.992 
0.5 9.985 
0.6 9.97601 
0.7 9.96502 
0.8 9.95203 
0.9 9.93706 
1 9.9201 
1.1 9.90116 
1.2 9.88023 
1.3 9.85733 
1.4 9.83246 
1.5 9.80562 
1.6 9.77682 
1.7 9.74606 
1.8 9.71336 
1.9 9.67871 
2 9.64213 
2.1 9.60362 
2.2 9.56319 
2.3 9.52084 
2.4 9.47659 
2.5 9.43045 
2.6 9.38242 
2.7 9.33251 
2.8 9.28074 
2.9 9.22711 
3 9.17164 
3.1 9.11433 
3.2 9.0552 
3.3 8.99426 
3.4 8.93151 
3.5 8.86699 
3.6 8.80069 
3.7 8.73262 
3.8 8.66282 
3.9 8.59128 
4 8.51802 
4.1 8.44306 
4.2 8.36641 
4.3 8.28808 
4.4 8.2081 
4.5 8.12648 
4.6 8.04323 
4.7 7.95837 
4.8 7.87192 
4.9 7.7839 
5 7.69432 
5.1 7.6032 
5.2 7.51056 
5.3 7.41642 
5.4 7.3208 
5.5 7.22371 
5.6 7.12518 
5.7 7.02522 
5.8 6.92386 
5.9 6.82111 
6 6.717 
6.1 6.61154 
6.2 6.50476 
6.3 6.39668 
6.4 6.28733 
6.5 6.17671 
6.6 6.06486 
6.7 5.9518 
6.8 5.83754 
6.9 5.72212 
7 5.60555 
7.1 5.48787 
7.2 5.36908 
7.3 5.24922 
7.4 5.12832 
7.5 5.00638 
7.6 4.88345 
7.7 4.75953 
7.8 4.63467 
7.9 4.50888 
8 4.38219 
8.1 4.25462 
8.2 4.1262 
8.3 3.99695 
8.4 3.86691 
8.5 3.73609 
8.6 3.60453 
8.7 3.47224 
8.8 3.33926 
8.9 3.20561 
9 3.07132 
9.1 2.93642 
9.2 2.80093 
9.3 2.66488 
9.4 2.52829 
9.5 2.3912 
9.6 2.25364 
9.7 2.11562 
9.8 1.97718 
9.9 1.83834 
10 1.69913 
10.1 1.55959 
10.2 1.41973 
10.3 1.27959 
10.4 1.1392 
10.5 0.998572 
10.6 0.857748 
10.7 0.716753 
10.8 0.575614 
10.9 0.43436 
11 0.293019 
11.1 0.15162 
11.2 0.0101902 
11.3 -0.131242 
11.4 -0.272647 
11.5 -0.413998 
11.6 -0.555266 
11.7 -0.696423 
11.8 -0.837441 
11.9 -0.978291 
12 -1.11895 
12.1 -1.25938 
12.2 -1.39956 
12.3 -1.53946 
12.4 -1.67905 
12.5 -1.8183 
12.6 -1.95719 
12.7 -2.09569 
12.8 -2.23378 
12.9 -2.37141 
13 -2.50857 
13.1 -2.64523 
13.2 -2.78136 
13.3 -2.91693 
13.4 -3.05192 
13.5 -3.1863 
13.6 -3.32004 
13.7 -3.45312 
13.8 -3.58551 
13.9 -3.71718 
14 -3.84811 
14.1 -3.97826 
14.2 -4.10762 
14.3 -4.23617 
14.4 -4.36386 
14.5 -4.49068 
14.6 -4.6166 
14.7 -4.7416 
14.8 -4.86565 
14.9 -4.98873 
15 -5.11081 
15.1 -5.23187 
15.2 -5.35188 
15.3 -5.47082 
15.4 -5.58866 
15.5 -5.70539 
15.6 -5.82098 
15.7 -5.9354 
15.8 -6.04864 
15.9 -6.16067 
16 -6.27146 
16.1 -6.381 
16.2 -6.48927 
16.3 -6.59624 
16.4 -6.70188 
16.5 -6.80619 
16.6 -6.90914 
16.7 -7.0107 
16.8 -7.11086 
16.9 -7.2096 
17 -7.3069 
17.1 -7.40274 
17.2 -7.49709 
17.3 -7.58995 
17.4 -7.68129 
17.5 -7.77109 
17.6 -7.85934 
17.7 -7.94601 
17.8 -8.0311 
17.9 -8.11458 
18 -8.19644 
18.1 -8.27666 
18.2 -8.35522 
18.3 -8.43212 
18.4 -8.50732 
18.5 -8.58083 
18.6 -8.65261 
18.7 -8.72267 
18.8 -8.79099 
18.9 -8.85754 
19 -8.92233 
19.1 -8.98533 
19.2 -9.04653 
19.3 -9.10592 
19.4 -9.16349 
19.5 -9.21923 
19.6 -9.27313 
19.7 -9.32517 
19.8 -9.37534 
19.9 -9.42365 
20 -9.47006 
20.1 -9.51458 
20.2 -9.5572 
20.3 -9.59791 
20.4 -9.6367 
20.5 -9.67356 
20.6 -9.70849 
20.7 -9.74147 
20.8 -9.77251 
20.9 -9.80159 
21 -9.82871 
21.1 -9.85387 
21.2 -9.87705 
21.3 -9.89826 
21.4 -9.91749 
21.5 -9.93474 
21.6 -9.95 
21.7 -9.96327 
21.8 -9.97455 
21.9 -9.98383 
22 -9.99112 
22.1 -9.9964 
22.2 -9.99969 
22.3 -10.001 
22.4 -10.0003 
22.5 -9.99756 
22.6 -9.99284 
22.7 -9.98613 
22.8 -9.97743 
22.9 -9.96672 
23 -9.95403 
23.1 -9.93934 
23.2 -9.92267 
23.3 -9.90401 
23.4 -9.88337 
23.5 -9.86075 
23.6 -9.83616 
23.7 -9.80961 
23.8 -9.78109 
23.9 -9.75062 
24 -9.71819 
24.1 -9.68383 
24.2 -9.64752 
24.3 -9.60929 
24.4 -9.56913 
24.5 -9.52706 
24.6 -9.48309 
24.7 -9.43722 
24.8 -9.38946 
24.9 -9.33982 
25 -9.28832 
25.1 -9.23496 
25.2 -9.17975 
25.3 -9.1227 
25.4 -9.06383 
25.5 -9.00315 
25.6 -8.94067 
25.7 -8.8764 
25.8 -8.81035 
25.9 -8.74254 
26 -8.67299 
26.1 -8.6017 
26.2 -8.52868 
26.3 -8.45397 
26.4 -8.37756 
26.5 -8.29948 
26.6 -8.21973 
26.7 -8.13834 
26.8 -8.05533 
26.9 -7.9707 
27 -7.88448 
27.1 -7.79669 
27.2 -7.70733 
27.3 -7.61643 
27.4 -7.52401 
27.5 -7.43009 
27.6 -7.33467 
27.7 -7.2378 
27.8 -7.13947 
27.9 -7.03972 
28 -6.93855 
28.1 -6.836 
28.2 -6.73209 
28.3 -6.62682 
28.4 -6.52024 
28.5 -6.41234 
28.6 -6.30317 
28.7 -6.19273 
28.8 -6.08106 
28.9 -5.96817 
29 -5.85408 
29.1 -5.73883 
29.2 -5.62243 
29.3 -5.5049 
29.4 -5.38627 
29.5 -5.26657 
29.6 -5.14581 
29.7 -5.02402 
29.8 -4.90123 
29.9 -4.77745 
30 -4.65273 
30.1 -4.52707 
30.2 -4.4005 
30.3 -4.27306 
30.4 -4.14476 
30.5 -4.01563 
30.6 -3.8857 
30.7 -3.75499 
30.8 -3.62354 
30.9 -3.49135 
31 -3.35847 
31.1 -3.22492 
31.2 -3.09072 
31.3 -2.9559 
31.4 -2.82049 
31.5 -2.68452 
31.6 -2.54801 
31.7 -2.41099 
31.8 -2.27349 
31.9 -2.13554 
32 -1.99716 
32.1 -1.85837 
32.2 -1.71922 
32.3 -1.57972 
32.4 -1.43991 
32.5 -1.29981 
32.6 -1.15945 
32.7 -1.01886 
32.8 -0.878059 
32.9 -0.737086 
33 -0.595966 
33.1 -0.454727 
33.2 -0.313397 
33.3 -0.172005 
33.4 -0.0305776 
33.5 0.110856 
33.6 0.252267 
33.7 0.393627 
33.8 0.534909 
33.9 0.676084 
34 0.817123 
34.1 0.958 
34.2 1.09868 
34.3 1.23915 
34.4 1.37937 
34.5 1.51931 
34.6 1.65894 
34.7 1.79825 
34.8 1.9372 
34.9 2.07575 
35 2.2139 
35.1 2.3516 
35.2 2.48883 
35.3 2.62556 
35.4 2.76177 
35.5 2.89742 
35.6 3.0325 
35.7 3.16697 
35.8 3.3008 
35.9 3.43398 
36 3.56647 
36.1 3.69824 
36.2 3.82928 
36.3 3.95955 
36.4 4.08903 
36.5 4.21769 
36.6 4.3455 
36.7 4.47245 
36.8 4.59851 
36.9 4.72364 
37 4.84783 
37.1 4.97105 
37.2 5.09327 
37.3 5.21448 
37.4 5.33464 
37.5 5.45374 
37.6 5.57175 
37.7 5.68864 
37.8 5.80439 
37.9 5.91898 
38 6.03239 
38.1 6.1446 
38.2 6.25557 
38.3 6.36529 
38.4 6.47374 
38.5 6.5809 
38.6 6.68674 
38.7 6.79124 
38.8 6.89438 
38.9 6.99615 
39 7.09651 
39.1 7.19546 
39.2 7.29296 
39.3 7.38901 
39.4 7.48358 
39.5 7.57666 
39.6 7.66822 
39.7 7.75824 
39.8 7.84671 
39.9 7.93362 
